Time(long)     ml  xy  press   RR   ir1
1544969826598  255  127  11432   0.0   8108
1544969826818  255  127  11430   0.0   31431
1544969827014  255  127  11430   0.0   60813
1544969827223  255  127  11428   0.0   149604
1544969827420  255  127  11428   0.0   362267
1544969827627  255  127  11430   0.0   364669
1544969827808  255  127  11431   0.0   368358
1544969828034  255  127  11434   0.0   363800
1544969828215  255  127  11430   0.0   361330
1544969828456  255  127  11431   0.0   364065
1544969828629  255  127  11431   0.0   367770
1544969828843  255  127  11430   0.0   370638
1544969829027  255  127  11430   0.0   360940
1544969829245  255  127  11433   0.0   361310
1544969829429  255  127  11432   0.0   364223
1544969829648  255  127  11431   0.0   368200
1544969829832  255  127  11431   0.0   359569
1544969830055  255  127  11429   0.0   358303
1544969830243  255  127  11431   0.0   360910
1544969830462  255  127  11432   0.0   364229
1544969830739  255  127  11432   0.0   363503
1544969830864  255  127  11433   0.0   356945
1544969831046  255  127  11433   0.88   358017
1544969831271  255  127  11431   0.88   361254
1544969831460  255  127  11433   0.88   365465
1544969831677  255  127  11430   0.88   356755
1544969831864  255  100  11431   0.91   355374
1544969832081  255  100  11431   0.91   357725
1544969832264  255  100  11431   0.91   361025
1544969832531  255  100  11432   0.91   364641
1544969832666  255  100  11432   0.91   353055
1544969832888  64  100  11434   0.93   352614
1544969833086  64  100  11434   0.93   355905
1544969833295  64  100  11433   0.93   359898
1544969833479  64  100  11432   0.93   357176
1544969833699  64  100  11433   0.93   351706
1544969833883  63  100  11434   0.94   352140
1544969834106  63  100  11434   0.94   355698
1544969834333  63  100  11434   0.94   360145
1544969834513  63  100  11433   0.94   351648
1544969834706  63  100  11432   0.94   349928
1544969834915  63  100  11434   0.94   352057
1544969835102  63  100  11432   0.94   355683
1544969835323  63  100  11433   0.94   360636
1544969835508  63  100  11434   0.94   348248
1544969835682  63  100  11430   0.96   346084
1544969835907  63  100  11431   0.96   349224
1544969836111  63  100  11429   0.96   353060
1544969836313  63  100  11431   0.96   353322
1544969836497  63  100  11436   0.96   342954
1544969836718  63  100  11434   0.93   343358
1544969836900  63  100  11436   0.93   347356
1544969837119  63  100  11432   0.93   352036
1544969837305  63  100  11432   0.93   342812
1544969837538  63  100  11433   0.91   341243
1544969837755  63  100  11433   0.91   343633
1544969837934  63  100  11432   0.91   347584
1544969838125  63  100  11432   0.91   352181
1544969838343  63  100  11432   0.91   337771
1544969838517  63  100  11436   0.93   337349
1544969838739  63  100  11434   0.93   342160
1544969838923  63  100  11434   0.93   347062
1544969839206  63  100  11434   0.93   342296
1544969839342  63  100  11436   0.93   338160
1544969839601  63  99  11436   0.92   340372
1544969839738  63  99  11438   0.92   345226
1544969839956  63  99  11435   0.92   350627
1544969840139  63  99  11434   0.92   338951
1544969840360  63  99  11434   0.88   339526
1544969840545  63  99  11436   0.88   344478
1544969840767  63  99  11434   0.88   349671
1544969840970  63  99  11435   0.88   338924
1544969841176  64  99  11435   0.87   337572
1544969841356  64  99  11434   0.87   341599
1544969841574  64  99  11436   0.87   346790
1544969841766  64  99  11433   0.87   346882
1544969841981  64  99  11436   0.87   338571
1544969842166  64  99  11434   0.89   340545
1544969842387  64  99  11434   0.89   346057
1544969842589  64  99  11433   0.89   351743
1544969842797  64  99  11434   0.89   341253
1544969842974  65  99  11434   0.87   341524
1544969843201  65  99  11433   0.87   346651
1544969843377  65  99  11434   0.87   351343
1544969843600  65  99  11433   0.87   340026
1544969843792  66  99  11436   0.8   340119
1544969844007  66  99  11434   0.8   345137
1544969844224  66  99  11435   0.8   350846
1544969844412  66  99  11435   0.8   340962
1544969844637  67  99  11436   0.83   341990
1544969844814  67  99  11435   0.83   346807
1544969845064  67  99  11435   0.83   352358
1544969845222  67  99  11435   0.83   343861
1544969845406  67  99  11434   0.81   345203
1544969845625  67  99  11437   0.81   349248
1544969845809  67  99  11436   0.81   355294
1544969846030  67  99  11436   0.81   344020
1544969846223  68  99  11436   0.74   345482
1544969846436  68  99  11435   0.74   351200
1544969846622  68  99  11436   0.74   354168
1544969846842  68  99  11436   0.74   343857
1544969847039  69  99  11435   0.75   346713
1544969847222  69  99  11435   0.75   353124
1544969847438  69  99  11434   0.75   352888
1544969847620  69  99  11435   0.75   344045
1544969847833  70  99  11436   0.78   346694
1544969848030  70  99  11435   0.78   353280
1544969848246  70  99  11434   0.78   358840
1544969848431  70  99  11436   0.78   347279
1544969848649  71  99  11434   0.85   350017
1544969848824  71  99  11432   0.85   356443
1544969849046  71  99  11435   0.85   362764
1544969849240  71  99  11434   0.85   352003
1544969849481  72  99  11435   0.8   354797
1544969849644  72  99  11435   0.8   360996
1544969849890  72  99  11433   0.8   367005
1544969850051  72  99  11434   0.8   356838
1544969850267  72  99  11435   0.8   359303
1544969850445  72  99  11434   0.8   364796
1544969850665  72  99  11433   0.8   370438
1544969850850  72  99  11433   0.8   361343
1544969851076  73  99  11435   0.85   363015
1544969851262  73  99  11435   0.85   367194
1544969851476  73  99  11434   0.85   372205
1544969851665  73  99  11434   0.85   366988
1544969851881  73  100  11437   0.86   366077
1544969852109  73  100  11437   0.86   368604
1544969852287  73  100  11436   0.86   373386
1544969852475  73  100  11434   0.86   377744
1544969852696  73  100  11434   0.86   367526
1544969852877  73  100  11436   0.88   368811
1544969853096  73  100  11436   0.88   373198
1544969853282  73  100  11435   0.88   377485
1544969853501  73  100  11434   0.88   367028
1544969853683  73  99  11436   0.85   367485
1544969853908  73  99  11435   0.85   370716
1544969854096  73  99  11438   0.85   374535
1544969854317  73  99  11435   0.85   371757
1544969854502  73  99  11435   0.85   363591
1544969854720  72  99  11433   0.91   363449
1544969854898  72  99  11434   0.91   366616
1544969855118  72  99  11432   0.91   370548
1544969855304  72  99  11436   0.91   357840
1544969855531  72  99  11433   0.91   356307
1544969855718  72  99  11434   0.91   358711
1544969855935  72  99  11432   0.91   362452
1544969856124  72  99  11436   0.91   358540
1544969856335  72  99  11436   0.91   351505
1544969856518  71  99  11436   0.87   352153
1544969856738  71  99  11434   0.87   356515
1544969856922  71  99  11433   0.87   361241
1544969857147  71  99  11433   0.87   345527
1544969857335  70  99  11435   0.87   345403
1544969857550  70  99  11436   0.87   349979
1544969857737  70  99  11432   0.87   354872
1544969857954  70  99  11435   0.87   343362
1544969858136  69  99  11435   0.89   341052
1544969858360  69  99  11437   0.89   343527
1544969858545  69  99  11434   0.89   348134
1544969858767  69  99  11435   0.89   353691
1544969858949  69  99  11435   0.89   338337
1544969859184  68  99  11432   0.91   339090
1544969859353  68  99  11436   0.91   344065
1544969859574  68  99  11434   0.91   349337
1544969859755  68  99  11434   0.91   337160
1544969859978  68  99  11434   0.88   336877
1544969860166  68  99  11434   0.88   340102
1544969860386  68  99  11434   0.88   345134
1544969860627  68  99  11432   0.88   336950
1544969860792  68  99  11431   0.88   332790
1544969860972  67  99  11431   0.84   335666
1544969861195  67  99  11434   0.84   341098
1544969861377  67  99  11434   0.84   341823
1544969861600  67  99  11434   0.84   329374
1544969861784  67  99  11435   0.84   331613
1544969861968  67  99  11435   0.84   337723
1544969862190  67  99  11434   0.84   337961
1544969862384  67  99  11434   0.84   328203
1544969862592  67  100  11434   0.79   331071
1544969862773  67  100  11433   0.79   337196
1544969862997  67  100  11435   0.79   328868
1544969863193  68  100  11436   0.75   327505
1544969863403  68  100  11434   0.75   331574
1544969863588  68  100  11436   0.75   338303
1544969863807  68  100  11436   0.75   329746
1544969863990  68  99  11436   0.79   330127
1544969864211  68  99  11437   0.79   334387
1544969864394  68  99  11432   0.79   340947
1544969864616  68  99  11435   0.79   338956
1544969864803  68  99  11435   0.79   333636
1544969865022  69  99  11435   0.84   336969
1544969865212  69  99  11437   0.84   343465
1544969865432  69  99  11439   0.84   349375
1544969865607  69  99  11435   0.84   336178
1544969865832  69  99  11433   0.85   338608
1544969866014  69  99  11437   0.85   344768
1544969866252  69  99  11434   0.85   351069
1544969866420  69  99  11436   0.85   342328
1544969866645  70  99  11436   0.92   342196
1544969866832  70  99  11436   0.92   345645
1544969867044  70  99  11437   0.92   351505
1544969867230  70  99  11436   0.92   357753
1544969867453  70  99  11434   0.92   346730
1544969867644  70  99  11436   0.97   348714
1544969867856  70  99  11438   0.97   351992
1544969868087  70  99  11436   0.97   357040
1544969868308  70  99  11435   0.97   362984
1544969868448  70  99  11437   0.97   350040
1544969868663  69  99  11437   0.94   351416
1544969868845  69  99  11438   0.94   355853
1544969869067  69  99  11436   0.94   361042
1544969869254  69  99  11438   0.94   365199
1544969869476  69  99  11435   0.94   351149
1544969869658  69  99  11434   0.96   352262
1544969869924  69  99  11434   0.96   357257
1544969870061  69  99  11437   0.96   362917
1544969870281  69  99  11436   0.96   364389
1544969870467  69  99  11437   0.96   352606
1544969870688  68  99  11436   0.98   353907
1544969870873  68  99  11435   0.98   359061
1544969871094  68  99  11434   0.98   364478
1544969871281  68  99  11436   0.98   352178
1544969871499  67  99  11435   0.92   353282
1544969871680  67  99  11434   0.92   355885
1544969871903  67  99  11433   0.92   361169
1544969872086  67  99  11434   0.92   366286
1544969872309  67  99  11435   0.92   349063
1544969872498  66  99  11436   0.92   349513
1544969872715  66  99  11437   0.92   354535
1544969872908  66  99  11436   0.92   359983
1544969873117  66  99  11437   0.92   352647
1544969873301  66  99  11438   0.92   346242
1544969873523  66  100  11435   0.93   348053
1544969873718  66  100  11436   0.93   353801
1544969873929  66  100  11438   0.93   359786
1544969874114  66  100  11434   0.93   346424
1544969874333  65  100  11433   0.96   345951
1544969874515  65  100  11434   0.96   348707
1544969874698  65  100  11434   0.96   354399
1544969874920  65  100  11436   0.96   359846
1544969875165  65  100  11436   0.96   342943
1544969875333  64  100  11437   0.91   344143
1544969875525  64  100  11435   0.91   349996
1544969875736  64  100  11437   0.91   355901
1544969875917  64  100  11437   0.91   348487
1544969876137  64  100  11436   0.91   342256
1544969876320  64  100  11438   0.94   344498
1544969876542  64  100  11436   0.94   350390
1544969876735  64  100  11438   0.94   356560
1544969876947  64  100  11434   0.94   342558
1544969877153  64  100  11436   0.95   342196
1544969877358  64  100  11438   0.95   345365
1544969877533  64  100  11435   0.95   350660
1544969877755  64  100  11436   0.95   356643
1544969877938  64  100  11436   0.95   341026
1544969878166  63  100  11436   0.92   342629
1544969878354  63  100  11434   0.92   348353
1544969878571  63  100  11435   0.92   354254
1544969878755  63  100  11435   0.92   353179
1544969878969  63  100  11437   0.92   343625
1544969879154  63  100  11438   0.95   345910
1544969879375  63  100  11438   0.95   351349
1544969879561  63  100  11438   0.95   357418
1544969879784  63  100  11435   0.95   354321
1544969879966  63  100  11437   0.95   348471
1544969880191  63  100  11436   0.98   350313
1544969880386  63  100  11434   0.98   355280
1544969880590  63  100  11434   0.98   360548
1544969880774  63  100  11436   0.98   349002
1544969880999  63  100  11435   0.92   351149
1544969881182  63  100  11436   0.92   354503
1544969881408  63  100  11436   0.92   359430
1544969881591  63  100  11433   0.92   359875
1544969881809  63  100  11435   0.92   349309
1544969881987  63  100  11437   0.9   350557
1544969882207  63  100  11437   0.9   355131
1544969882430  63  100  11434   0.9   360380
1544969882615  63  100  11438   0.9   347359
1544969882799  63  100  11436   0.91   348291
1544969883027  63  100  11437   0.91   351164
1544969883205  63  100  11437   0.91   356145
1544969883427  63  100  11434   0.91   353482
1544969883605  63  100  11434   0.91   346830
1544969883831  63  100  11434   0.87   349278
1544969884060  63  100  11435   0.87   354533
1544969884237  63  100  11435   0.87   358547
1544969884422  63  100  11433   0.87   348145
1544969884639  64  100  11433   0.83   351030
1544969884830  64  100  11435   0.83   356136
1544969885044  64  100  11436   0.83   361597
1544969885225  64  100  11435   0.83   351994
1544969885451  64  100  11434   0.86   354546
1544969885639  64  100  11437   0.86   358891
1544969885858  64  100  11437   0.86   363753
1544969886041  64  100  11436   0.86   363631
1544969886260  64  100  11436   0.86   359367
1544969886445  65  100  11436   0.91   362202
1544969886665  65  100  11436   0.91   366802
1544969886847  65  100  11435   0.91   371343
1544969887070  65  100  11436   0.91   362882
1544969887260  65  100  11439   0.91   366012
1544969887480  65  100  11438   0.91   369577
1544969887663  65  100  11436   0.91   373481
1544969887860  65  100  11436   0.91   373433
1544969888062  65  100  11436   0.91   367317
1544969888244  66  100  11436   0.9   369439
1544969888467  66  100  11437   0.9   373420
1544969888664  66  100  11437   0.9   377434
1544969888882  66  100  11436   0.9   367183
1544969889064  66  100  11434   0.92   369404
1544969889286  66  100  11435   0.92   371906
1544969889462  66  100  11434   0.92   375567
1544969889681  66  100  11436   0.92   379901
1544969889864  66  100  11435   0.92   368798
1544969890086  66  100  11436   0.96   370323
1544969890291  66  100  11437   0.96   373636
1544969890493  66  100  11436   0.96   377256
1544969890675  66  100  11434   0.96   381271
1544969890898  66  100  11435   0.96   369246
1544969891124  65  99  11435   0.95   370407
1544969891300  65  99  11435   0.95   374191
1544969891484  65  99  11435   0.95   378009
1544969891711  65  99  11436   0.95   377279
1544969891895  65  99  11437   0.95   369236
1544969892115  65  99  11435   0.97   370775
1544969892345  65  99  11434   0.97   374786
1544969892514  65  99  11436   0.97   378704
1544969892697  65  99  11437   0.97   370483
1544969892921  64  99  11437   0.96   369915
1544969893104  64  99  11435   0.96   371331
1544969893329  64  99  11437   0.96   375107
1544969893515  64  99  11435   0.96   379174
1544969893737  64  99  11436   0.96   367078
1544969893913  63  99  11436   0.91   367477
1544969894134  63  99  11438   0.91   371171
1544969894319  63  99  11434   0.91   375305
1544969894549  63  99  11436   0.91   375918
1544969894731  63  99  11435   0.91   367652
1544969894953  63  99  11434   0.93   369389
1544969895136  63  99  11436   0.93   373816
1544969895350  63  99  11436   0.93   378259
1544969895553  63  99  11434   0.93   369830
1544969895753  63  99  11438   0.95   370292
1544969895940  63  99  11434   0.95   372259
1544969896161  63  99  11434   0.95   376533
1544969896365  63  99  11435   0.95   381210
1544969896566  63  99  11434   0.95   368822
1544969896757  63  99  11435   0.93   369578
1544969896970  63  99  11436   0.93   372987
1544969897150  63  99  11436   0.93   376910
1544969897373  63  99  11437   0.93   381609
1544969897561  63  99  11438   0.93   368354
1544969897782  63  99  11435   0.98   369305
1544969897967  63  99  11435   0.98   373518
1544969898207  63  99  11436   0.98   377906
1544969898375  63  99  11436   0.98   382876
1544969898589  63  99  11436   0.98   369748
1544969898773  62  99  11434   0.99   370861
1544969898994  62  99  11434   0.99   375046
1544969899188  62  99  11435   0.99   379413
1544969899403  62  99  11436   0.99   377776
1544969899585  62  99  11434   0.99   369530
1544969899805  63  99  11435   0.95   370887
1544969899996  63  99  11437   0.95   375373
1544969900211  63  99  11436   0.95   380188
1544969900391  63  99  11433   0.95   372669
1544969900617  63  99  11438   0.95   367189
1544969900800  63  99  11436   0.98   368003
1544969901022  63  99  11436   0.98   372324
1544969901201  63  99  11434   0.98   377322
1544969901393  63  99  11434   0.98   367682
1544969901607  62  99  11436   0.99   364600
1544969901790  62  99  11435   0.99   365564
1544969902012  62  99  11434   0.99   369932
1544969902215  62  99  11433   0.99   374913
1544969902422  62  99  11435   0.99   360948
1544969902616  62  100  11434   0.95   361609
1544969902825  62  100  11435   0.95   364152
1544969903006  62  100  11435   0.95   368668
1544969903226  62  100  11436   0.95   374199
1544969903413  62  100  11436   0.95   357559
1544969903636  62  100  11436   0.97   357083
1544969903817  62  100  11439   0.97   360728
1544969904037  62  100  11436   0.97   365606
1544969904226  62  100  11436   0.97   371353
1544969904441  62  100  11436   0.97   354872
1544969904623  61  100  11437   0.99   354711
1544969904846  61  100  11435   0.99   358819
1544969905027  61  100  11433   0.99   363908
1544969905273  61  100  11436   0.99   365612
1544969905440  61  100  11436   0.99   351321
1544969905657  61  100  11436   0.94   352602
1544969905850  61  100  11436   0.94   357891
1544969906060  61  100  11434   0.94   363417
1544969906244  61  100  11436   0.94   360535
1544969906466  61  100  11437   0.94   351586
1544969906655  61  100  11438   0.98   352805
1544969906873  61  100  11436   0.98   358086
1544969907122  61  100  11434   0.98   363287
1544969907279  61  100  11435   0.98   348226
1544969907472  61  100  11434   0.91   348213
1544969907680  61  100  11436   0.91   351668
1544969907862  61  100  11434   0.91   357282
1544969908091  61  100  11435   0.91   357017
1544969908285  61  100  11434   0.91   346159
1544969908499  61  100  11437   0.9   348270
1544969908690  61  100  11434   0.9   354446
1544969908895  61  100  11435   0.9   360258
1544969909078  61  100  11436   0.9   345412
1544969909299  61  100  11434   0.85   346881
1544969909485  61  100  11435   0.85   352212
1544969909704  61  100  11436   0.85   357791
1544969909900  61  100  11436   0.85   343139
1544969910111  62  100  11436   0.79   345546
1544969910296  62  100  11435   0.79   351926
1544969910515  62  100  11433   0.79   357823
1544969910696  62  100  11437   0.79   344342
1544969910920  62  99  11436   0.79   347283
1544969911103  62  99  11434   0.79   354382
1544969911325  62  99  11434   0.79   359911
1544969911510  62  99  11438   0.79   348509
1544969911731  63  99  11436   0.8   351587
1544969911923  63  99  11437   0.8   358983
1544969912136  63  99  11436   0.8   365460
1544969912321  63  99  11437   0.8   355447
1544969912538  65  99  11438   0.79   359156
1544969912724  65  99  11435   0.79   365668
1544969912945  65  99  11436   0.79   362975
1544969913136  67  99  11436   0.74   361962
1544969913352  67  99  11437   0.74   365626
1544969913533  67  99  11438   0.74   372167
1544969913754  67  99  11436   0.74   362315
1544969913937  69  99  11435   0.74   366837
1544969914167  69  99  11436   0.74   371381
1544969914344  69  99  11437   0.74   377017
1544969914568  69  99  11438   0.74   367546
1544969914755  71  99  11437   0.73   370443
1544969914947  71  99  11439   0.73   376452
1544969915151  71  99  11436   0.73   373418
1544969915334  72  99  11438   0.72   374397
1544969915556  72  99  11440   0.72   377756
1544969915744  72  99  11436   0.72   383418
1544969915964  72  99  11439   0.72   376688
1544969916146  75  99  11440   0.71   380557
1544969916372  75  99  11436   0.71   385652
1544969916561  75  99  11440   0.71   385227
1544969916771  77  99  11438   0.7   384464
1544969916955  77  99  11438   0.7   387848
1544969917174  77  99  11437   0.7   394104
1544969917365  77  99  11437   0.7   386832
1544969917583  79  99  11438   0.7   392848
1544969917776  79  99  11436   0.7   396282
1544969917989  79  99  11437   0.7   391401
1544969918168  81  99  11436   0.67   396807
1544969918391  81  99  11438   0.67   397970
1544969918573  81  99  11437   0.67   399966
1544969918797  81  99  11438   0.67   398035
1544969918982  82  99  11435   0.64   399905
1544969919204  82  99  11436   0.64   404765
1544969919393  82  99  11438   0.64   394474
1544969919611  83  99  11438   0.69   399891
1544969919788  83  99  11436   0.69   402544
1544969920010  83  99  11436   0.69   397377
1544969920193  84  99  11436   0.69   397336
1544969920423  84  99  11438   0.69   399965
1544969920604  84  99  11438   0.69   406100
1544969920825  84  99  11437   0.69   394497
1544969921004  85  99  11436   0.71   398555
1544969921232  85  99  11437   0.71   402472
1544969921407  85  99  11438   0.71   406491
1544969921641  85  99  11438   0.71   398631
1544969921825  85  99  11438   0.75   400835
1544969922034  85  99  11438   0.75   405918
1544969922222  85  99  11437   0.75   410822
1544969922441  85  99  11437   0.75   402087
1544969922627  84  99  11437   0.81   406763
1544969922842  84  99  11438   0.81   410750
1544969923029  84  99  11436   0.81   415536
1544969923253  84  99  11437   0.81   407407
1544969923447  83  99  11438   0.83   411779
1544969923659  83  99  11437   0.83   416883
1544969923838  83  99  11438   0.83   420560
1544969924059  83  99  11438   0.83   412300
1544969924239  82  99  11439   0.87   417406
1544969924465  82  99  11440   0.87   420207
1544969924656  82  99  11437   0.87   425629
1544969924872  82  99  11439   0.87   429013
1544969925057  82  99  11439   0.87   420506
1544969925273  80  99  11441   0.91   423743
1544969925462  80  99  11436   0.91   427499
1544969925682  80  99  11438   0.91   431908
1544969925861  80  99  11439   0.91   422027
1544969926083  79  99  11439   0.88   427080
1544969926279  79  99  11438   0.88   429371
1544969926491  79  99  11439   0.88   433047
1544969926675  79  99  11440   0.88   435774
1544969926895  79  99  11439   0.88   427217
1544969927077  77  100  11440   0.89   429030
1544969927299  77  100  11440   0.89   431755
1544969927482  77  100  11438   0.89   434246
1544969927704  77  100  11438   0.89   425277
1544969927891  75  99  11439   0.91   428794
1544969928113  75  99  11438   0.91   429849
1544969928312  75  99  11439   0.91   431950
1544969928492  75  99  11438   0.91   424254
1544969928696  74  99  11440   0.82   426767
1544969928879  74  99  11441   0.82   428168
1544969929102  74  99  11439   0.82   430469
1544969929288  74  99  11439   0.82   426236
1544969929514  73  99  11438   0.83   423656
1544969929711  73  99  11440   0.83   424076
1544969929912  73  99  11439   0.83   426746
1544969930095  73  99  11440   0.83   429617
1544969930316  73  99  11442   0.83   419554
1544969930500  72  99  11437   0.87   419646
1544969930723  72  99  11438   0.87   422032
1544969930905  72  99  11439   0.87   424150
1544969931131  72  99  11438   0.87   414086
1544969931316  71  99  11437   0.88   415087
1544969931533  71  99  11436   0.88   415856
1544969931714  71  99  11438   0.88   418029
1544969931936  71  99  11436   0.88   409684
1544969932119  71  99  11438   0.84   408551
1544969932345  71  99  11437   0.84   409260
1544969932526  71  99  11439   0.84   411874
1544969932756  71  99  11437   0.84   414825
1544969932945  71  99  11439   0.84   402723
1544969933150  71  99  11437   0.88   403157
1544969933333  71  99  11436   0.88   406063
1544969933555  71  99  11436   0.88   409299
1544969933747  71  99  11436   0.88   410691
1544969933962  71  99  11437   0.88   399795
1544969934146  70  99  11437   0.98   400586
1544969934368  70  99  11437   0.98   403911
1544969934554  70  99  11436   0.98   407727
1544969934776  70  99  11436   0.98   408256
1544969934960  70  99  11437   0.98   398854
1544969935175  70  99  11436   1.0   399758
1544969935373  70  99  11438   1.0   403244
1544969935583  70  99  11436   1.0   407351
1544969935769  70  99  11437   1.0   409500
1544969935985  70  99  11438   1.0   398671
1544969936168  69  99  11436   1.0   399353
1544969936389  69  99  11439   1.0   402970
1544969936571  69  99  11439   1.0   407169
1544969936845  69  99  11439   1.0   411659
1544969936982  69  99  11436   1.0   398258
1544969937246  69  99  11436   1.03   398383
1544969937383  69  99  11436   1.03   402031
1544969937603  69  99  11434   1.03   406213
1544969937788  69  99  11438   1.03   411278
1544969938010  69  99  11439   1.03   397675
1544969938189  68  99  11439   1.04   397434
1544969938419  68  99  11435   1.04   400363
1544969938601  68  99  11439   1.04   404403
1544969938821  68  99  11436   1.04   409490
1544969939011  68  99  11438   1.04   395594
1544969939226  66  99  11436   1.02   395238
1544969939407  66  99  11438   1.02   397599
1544969939629  66  99  11438   1.02   401771
1544969939817  66  99  11437   1.02   406403
1544969940035  66  99  11437   1.02   393957
1544969940244  65  99  11436   1.03   392341
1544969940442  65  99  11438   1.03   393466
1544969940625  65  99  11434   1.03   397232
1544969940843  65  99  11439   1.03   401730
1544969941027  65  99  11438   1.03   386789
1544969941250  63  99  11438   0.96   385332
1544969941447  63  99  11437   0.96   388411
1544969941655  63  99  11439   0.96   392453
1544969941844  63  99  11437   0.96   396638
1544969942059  63  99  11438   0.96   381281
1544969942241  62  100  11438   0.96   381345
1544969942472  62  100  11437   0.96   385331
1544969942656  62  100  11438   0.96   389902
1544969942836  62  100  11438   0.96   389630
1544969943055  62  100  11439   0.96   378170
1544969943238  61  100  11438   0.96   378939
1544969943463  61  100  11437   0.96   382968
1544969943640  61  100  11439   0.96   387740
1544969943861  61  100  11439   0.96   376839
1544969944046  61  100  11439   0.94   373823
1544969944267  61  100  11439   0.94   375530
1544969944451  61  100  11438   0.94   379662
1544969944679  61  100  11437   0.94   384829
1544969944866  61  100  11437   0.94   370955
1544969945075  60  100  11437   0.95   370189
1544969945258  60  100  11438   0.95   373503
1544969945480  60  100  11438   0.95   377785
1544969945676  60  100  11438   0.95   381998
1544969945893  60  100  11439   0.95   368566
1544969946075  60  99  11438   0.94   369187
1544969946296  60  99  11441   0.94   373551
1544969946483  60  99  11439   0.94   378530
1544969946695  60  99  11438   0.94   377555
1544969946879  60  99  11438   0.94   368023
1544969947101  61  99  11437   0.97   369321
1544969947304  61  99  11437   0.97   373986
1544969947507  61  99  11440   0.97   379109
1544969947707  61  99  11436   0.97   372981
1544969947921  61  99  11441   0.97   368626
1544969948099  61  99  11439   0.97   370281
1544969948315  61  99  11439   0.97   374690
1544969948498  61  99  11439   0.97   380121
1544969948722  61  99  11436   0.97   368523
1544969948906  61  99  11438   0.93   368373
1544969949127  61  99  11440   0.93   371502
1544969949308  61  99  11441   0.93   376201
1544969949553  61  99  11438   0.93   381505
1544969949713  61  99  11438   0.93   367634
1544969949933  62  99  11439   0.95   367777
1544969950118  62  99  11438   0.95   371697
1544969950343  62  99  11437   0.95   376204
1544969950528  62  99  11437   0.95   376965
1544969950749  62  99  11437   0.95   366484
1544969950935  62  99  11438   0.95   367535
1544969951148  62  99  11438   0.95   372136
1544969951331  62  99  11437   0.95   376903
1544969951553  62  99  11440   0.95   369166
1544969951743  62  99  11437   0.95   364642
1544969951960  62  99  11439   0.97   366411
1544969952144  62  99  11440   0.97   370853
1544969952366  62  99  11439   0.97   376203
1544969952549  62  99  11439   0.97   363989
1544969952770  62  99  11440   0.93   363350
1544969952953  62  99  11435   0.93   366606
1544969953219  62  99  11438   0.93   371217
1544969953363  62  99  11436   0.93   374627
1544969953581  62  99  11438   0.93   362191
1544969953763  62  99  11437   0.92   363626
1544969953975  62  99  11439   0.92   368262
1544969954167  62  99  11441   0.92   373375
1544969954389  62  99  11438   0.92   366241
1544969954572  62  99  11437   0.92   363348
1544969954795  62  99  11439   0.94   365538
1544969954986  62  99  11438   0.94   370250
1544969955201  62  99  11439   0.94   375724
1544969955384  62  99  11437   0.94   364258
1544969955606  63  100  11438   0.92   364744
1544969955787  63  100  11436   0.92   368643
1544969955970  63  100  11439   0.92   373397
1544969956193  63  100  11441   0.92   373785
1544969956392  63  100  11437   0.92   364344
1544969956621  63  100  11439   0.92   365669
1544969956785  63  100  11438   0.92   370166
1544969957010  63  100  11438   0.92   375268
1544969957184  63  100  11442   0.92   365278
1544969957403  63  100  11439   0.92   364638
1544969957591  63  100  11437   0.92   367239
1544969957812  63  100  11436   0.92   371684
1544969958062  63  100  11439   0.92   375558
1544969958217  63  100  11438   0.92   364083
1544969958407  64  100  11440   0.89   365061
1544969958625  64  100  11439   0.89   369574
1544969958803  64  100  11439   0.89   374637
1544969959026  64  100  11438   0.89   362228
1544969959209  64  100  11438   0.86   362365
1544969959433  64  100  11439   0.86   366632
1544969959617  64  100  11437   0.86   371959
1544969959837  64  100  11436   0.86   361748
1544969960026  65  100  11439   0.85   361205
1544969960241  65  100  11437   0.85   364025
1544969960422  65  100  11438   0.85   368967
1544969960643  65  100  11437   0.85   361539
1544969960839  65  100  11438   0.82   360162
1544969961056  65  100  11440   0.82   362907
1544969961238  65  100  11440   0.82   368482
1544969961460  65  100  11438   0.82   367734
1544969961641  65  100  11438   0.82   358594
1544969961859  66  100  11439   0.85   360949
1544969962044  66  100  11438   0.85   366827
1544969962263  66  100  11439   0.85   372672
1544969962456  66  100  11438   0.85   359192
1544969962680  67  100  11438   0.87   360523
1544969962862  67  100  11437   0.87   365695
1544969963079  67  100  11438   0.87   371497
1544969963264  67  100  11438   0.87   370160
1544969963479  67  100  11439   0.87   363228
1544969963667  67  99  11438   0.92   365156
1544969963886  67  99  11438   0.92   370894
1544969964079  67  99  11438   0.92   376939
1544969964293  67  99  11440   0.92   364865
1544969964482  68  99  11437   0.94   365135
1544969964695  68  99  11437   0.94   368366
1544969964878  68  99  11438   0.94   373975
1544969965099  68  99  11436   0.94   380383
1544969965281  68  99  11438   0.94   365970
1544969965532  68  99  11438   0.97   365970
1544969965692  68  99  11439   0.97   369373
1544969965911  68  99  11439   0.97   374393
1544969966099  68  99  11439   0.97   380325
1544969966314  68  99  11436   0.97   365460
1544969966497  67  99  11438   0.98   365812
1544969966719  67  99  11437   0.98   370089
1544969966907  67  99  11439   0.98   375318
1544969967126  67  99  11438   0.98   380626
1544969967311  67  99  11438   0.98   362726
1544969967531  67  99  11438   0.97   362491
1544969967717  67  99  11436   0.97   367251
1544969967933  67  99  11437   0.97   372278
1544969968117  67  99  11438   0.97   376430
1544969968347  67  99  11438   0.97   358807
1544969968530  66  99  11438   0.99   359016
1544969968746  66  99  11437   0.99   363749
1544969968934  66  99  11435   0.99   368643
1544969969194  66  99  11436   0.99   371268
1544969969333  66  99  11436   0.99   356224
1544969969553  65  99  11438   0.98   356994
1544969969747  65  99  11438   0.98   361921
1544969969929  65  99  11435   0.98   367412
1544969970147  65  99  11436   0.98   367589
1544969970347  65  99  11437   0.98   352468
1544969970563  64  99  11438   1.0   353298
1544969970737  64  99  11435   1.0   358210
1544969970954  64  99  11440   1.0   364024
1544969971135  64  99  11440   1.0   364450
1544969971363  64  99  11438   1.0   350196
1544969971544  63  99  11435   0.99   351485
1544969971783  63  99  11439   0.99   356828
1544969971952  63  99  11438   0.99   362427
1544969972172  63  99  11437   0.99   355945
1544969972349  63  99  11437   0.99   349506
1544969972578  62  100  11438   0.97   351577
1544969972761  62  100  11438   0.97   357108
1544969972981  62  100  11438   0.97   363188
1544969973164  62  100  11438   0.97   348881
1544969973383  62  100  11437   0.96   346932
1544969973572  62  100  11436   0.96   349987
1544969973785  62  100  11439   0.96   355508
1544969973968  62  100  11439   0.96   361792
1544969974189  62  100  11438   0.96   344541
1544969974381  61  100  11439   0.93   345412
1544969974598  61  100  11440   0.93   350865
1544969974780  61  100  11440   0.93   356679
1544969975002  61  100  11440   0.93   346562
1544969975185  61  100  11439   0.88   346116
1544969975404  61  100  11440   0.88   348954
1544969975585  61  100  11441   0.88   355143
1544969975812  61  100  11440   0.88   347315
1544969976006  61  100  11438   0.88   343643
1544969976220  62  100  11438   0.82   346871
1544969976405  62  100  11440   0.82   353021
1544969976627  62  100  11436   0.82   341708
1544969976802  62  100  11439   0.76   342627
1544969977022  62  100  11439   0.76   346996
1544969977208  62  100  11439   0.76   353604
1544969977429  62  100  11436   0.76   340830
1544969977633  63  100  11438   0.78   342220
1544969977836  63  100  11438   0.78   347628
1544969978023  63  100  11439   0.78   354552
1544969978238  63  100  11438   0.78   344671
1544969978423  64  100  11438   0.84   344512
1544969978643  64  100  11439   0.84   348399
1544969978841  64  100  11438   0.84   355083
1544969979056  64  100  11437   0.84   351347
1544969979241  64  100  11438   0.84   348085
1544969979456  65  100  11438   0.83   352548
1544969979658  65  100  11439   0.83   359174
1544969979859  65  100  11439   0.83   365733
1544969980042  65  100  11436   0.83   354433
1544969980263  66  100  11438   0.87   357466
1544969980453  66  100  11439   0.87   363266
1544969980671  66  100  11438   0.87   369875
1544969980857  66  100  11440   0.87   364802
1544969981077  66  100  11440   0.91   364803
1544969981256  66  100  11442   0.91   367997
1544969981485  66  100  11441   0.91   373375
1544969981662  66  100  11439   0.91   379384
1544969981887  66  100  11439   0.91   369253
1544969982075  67  100  11438   0.88   371738
1544969982292  67  100  11438   0.88   376590
1544969982474  67  100  11438   0.88   381703
1544969982668  67  100  11437   0.88   376129
1544969982878  67  100  11437   0.92   375754
1544969983059  67  100  11438   0.92   378549
1544969983281  67  100  11438   0.92   383369
1544969983477  67  100  11438   0.92   388910
1544969983691  67  100  11439   0.92   378713
1544969983881  67  100  11440   0.93   381354
1544969984097  67  100  11440   0.93   384711
1544969984274  67  100  11437   0.93   389220
1544969984494  67  100  11438   0.93   392689
1544969984678  67  100  11439   0.93   382368
1544969984907  67  100  11440   0.92   383744
1544969985094  67  100  11440   0.92   387739
1544969985306  67  100  11442   0.92   392273
1544969985496  67  100  11438   0.92   383404
1544969985714  66  99  11438   0.94   382156
1544969985894  66  99  11439   0.94   383569
1544969986113  66  99  11441   0.94   387820
1544969986297  66  99  11439   0.94   392736
1544969986525  66  99  11442   0.94   380224
1544969986735  66  99  11439   0.95   380644
1544969986927  66  99  11441   0.95   383012
1544969987118  66  99  11439   0.95   387084
1544969987330  66  99  11439   0.95   391636
1544969987513  66  99  11437   0.95   377419
1544969987735  65  99  11438   0.93   377549
1544969987924  65  99  11438   0.93   381660
1544969988145  65  99  11439   0.93   386540
1544969988343  65  99  11440   0.93   380013
1544969988570  65  99  11440   0.93   373780
1544969988737  65  99  11439   0.95   374775
1544969988950  65  99  11440   0.95   379522
1544969989132  65  99  11438   0.95   384796
1544969989354  65  99  11438   0.95   372846
1544969989545  64  99  11438   0.96   370680
1544969989763  64  99  11436   0.96   372167
1544969989952  64  99  11438   0.96   376705
1544969990166  64  99  11439   0.96   382230
1544969990349  64  99  11436   0.96   365106
1544969990567  63  99  11439   0.93   364482
1544969990751  63  99  11439   0.93   368498
1544969990976  63  99  11438   0.93   373798
1544969991171  63  99  11437   0.93   375376
1544969991380  63  99  11438   0.93   359482
1544969991568  63  99  11438   0.96   360177
1544969991785  63  99  11440   0.96   364893
1544969991966  63  99  11441   0.96   370335
1544969992188  63  99  11438   0.96   363825
1544969992372  63  99  11442   0.96   355470
1544969992598  62  99  11438   0.96   356856
1544969992783  62  99  11440   0.96   361682
1544969992999  62  99  11441   0.96   367407
1544969993186  62  99  11441   0.96   352338
1544969993404  62  99  11438   0.94   350635
1544969993586  62  99  11440   0.94   353962
1544969993810  62  99  11439   0.94   359475
1544969994001  62  99  11438   0.94   365786
1544969994215  62  99  11439   0.94   349335
1544969994407  62  100  11438   0.98   348316
1544969994620  62  100  11438   0.98   352731
1544969994810  62  100  11438   0.98   358555
1544969995022  62  100  11442   0.98   364981
1544969995208  62  100  11437   0.98   349122
1544969995432  62  99  11440   0.99   348669
1544969995632  62  99  11439   0.99   353543
1544969995809  62  99  11442   0.99   359312
1544969996021  62  99  11442   0.99   365887
1544969996209  62  99  11442   0.99   348167
1544969996421  62  99  11437   0.98   348435
1544969996603  62  99  11440   0.98   353720
1544969996832  62  99  11438   0.98   360081
1544969997021  62  99  11440   0.98   366940
1544969997237  62  99  11440   0.98   350052
1544969997430  61  99  11441   1.0   350285
1544969997643  61  99  11438   1.0   355294
1544969997823  61  99  11438   1.0   361122
1544969998041  61  99  11439   1.0   367639
1544969998224  61  99  11440   1.0   351095
1544969998453  61  99  11438   0.98   352164
1544969998636  61  99  11441   0.98   357900
1544969998854  61  99  11438   0.98   364036
1544969999045  61  99  11440   0.98   369835
1544969999255  61  99  11442   0.98   352034
1544969999440  61  99  11440   0.98   353391
1544969999660  61  99  11440   0.98   359190
1544969999851  61  99  11440   0.98   365414
1544970000065  61  99  11439   0.98   370552
1544970000260  61  99  11439   0.98   354380
1544970000477  61  99  11440   0.99   355887
1544970000669  61  99  11438   0.99   361647
1544970000878  61  99  11440   0.99   367885
1544970001059  61  99  11441   0.99   364811
1544970001282  61  99  11436   0.99   358301
1544970001477  60  99  11440   0.95   360395
1544970001692  60  99  11440   0.95   367515
1544970001880  60  99  11439   0.95   372036
1544970002099  60  99  11439   0.95   358784
1544970002280  60  99  11438   0.86   360448
1544970002496  60  99  11439   0.86   366928
1544970002679  60  99  11437   0.86   371798
1544970002902  60  99  11438   0.86   355160
1544970003089  61  99  11439   0.8   356019
1544970003304  61  99  11439   0.8   361563
1544970003491  61  99  11438   0.8   356513
1544970003710  61  99  11437   0.8   346583
1544970003892  61  99  11438   0.75   350095
1544970004113  61  99  11439   0.75   357193
1544970004297  61  99  11440   0.75   342044
1544970004519  62  100  11436   0.7   343916
1544970004703  62  100  11440   0.7   349931
1544970004924  62  100  11438   0.7   354996
1544970005116  62  100  11440   0.7   339381
1544970005329  62  100  11438   0.73   343604
1544970005510  62  100  11437   0.73   351248
1544970005736  62  100  11438   0.73   358787
1544970005921  62  100  11436   0.73   344226
1544970006141  63  100  11438   0.86   346126
1544970006324  63  100  11439   0.86   352228
1544970006549  63  100  11438   0.86   359024
1544970006779  63  100  11437   0.86   361805
1544970006949  63  100  11439   0.86   350595
1544970007132  64  100  11439   0.93   353576
1544970007354  64  100  11439   0.93   359437
1544970007541  64  100  11438   0.93   365526
1544970007763  64  100  11437   0.93   356253
1544970007942  64  100  11438   0.94   356115
1544970008134  64  100  11436   0.94   358801
1544970008347  64  100  11440   0.94   364060
1544970008532  64  100  11440   0.94   369978
1544970008750  64  100  11440   0.94   360347
1544970008956  65  100  11440   1.0   359893
1544970009164  65  100  11442   1.0   362216
1544970009341  65  100  11441   1.0   366918
1544970009563  65  100  11440   1.0   372290
1544970009774  65  100  11439   1.0   361692
1544970009964  65  100  11440   0.98   362174
1544970010150  65  100  11442   0.98   364589
1544970010370  65  100  11439   0.98   369195
1544970010564  65  100  11441   0.98   374696
1544970010778  65  100  11440   0.98   367050
1544970010960  65  100  11439   0.98   362750
1544970011185  64  100  11438   1.04   364497
1544970011362  64  100  11440   1.04   369252
1544970011594  64  100  11440   1.04   374978
1544970011769  64  100  11441   1.04   377449
1544970011995  64  100  11439   1.04   364118
1544970012185  64  100  11440   1.04   364958
1544970012400  64  100  11441   1.04   369637
1544970012590  64  100  11439   1.04   374827
1544970012809  64  100  11439   1.04   377027
1544970012983  64  100  11439   1.04   363771
1544970013204  63  100  11439   1.0   364803
1544970013387  63  100  11438   1.0   369744
1544970013618  63  100  11439   1.0   375587
1544970013807  63  100  11440   1.0   377937
1544970014021  63  100  11438   1.0   363640
1544970014216  62  100  11439   1.01   363766
1544970014420  62  100  11438   1.01   369671
1544970014604  62  100  11438   1.01   378247
1544970014826  62  100  11440   1.01   382050
1544970015011  62  100  11440   1.01   366870
1544970015235  61  100  11440   1.0   365453
1544970015424  61  100  11439   1.0   368435
1544970015635  61  100  11438   1.0   374139
1544970015825  61  100  11438   1.0   359968
1544970016038  61  100  11440   0.92   360075
1544970016223  61  100  11441   0.92   362150
1544970016453  61  100  11440   0.92   368706
1544970016656  61  100  11440   0.92   369546
1544970016851  61  100  11440   0.92   358330
1544970017037  61  100  11440   0.87   361904
1544970017255  61  100  11440   0.87   366042
1544970017436  61  100  11438   0.87   369792
1544970017657  61  100  11440   0.87   362209
1544970017842  61  100  11441   0.92   363455
1544970018070  61  100  11440   0.92   368256
1544970018257  61  100  11438   0.92   376299
1544970018472  61  100  11439   0.92   381980
1544970018674  61  100  11442   0.92   376046
1544970018878  61  100  11439   0.86   379179
1544970019057  61  100  11438   0.86   386491
1544970019279  61  100  11439   0.86   394354
1544970019463  61  100  11440   0.86   385807
1544970019686  61  100  11438   0.87   392019
1544970019877  61  100  11439   0.87   397988
1544970020092  61  100  11439   0.87   405573
1544970020284  61  100  11440   0.87   396728
1544970020493  62  100  11440   0.86   404074
1544970020676  62  100  11440   0.86   408052
1544970020902  62  100  11439   0.86   414057
1544970021086  62  100  11440   0.86   405167
1544970021306  63  100  11438   0.8   412872
1544970021495  63  100  11438   0.8   415707
1544970021674  63  100  11439   0.8   421551
1544970021902  63  100  11438   0.8   412185
1544970022075  64  100  11440   0.79   418101
1544970022297  64  100  11439   0.79   420973
1544970022480  64  100  11441   0.79   426089
1544970022707  64  100  11438   0.79   416027
1544970022889  66  100  11439   0.77   421978
1544970023112  66  100  11439   0.77   425235
1544970023292  66  100  11440   0.77   429007
1544970023511  66  100  11440   0.77   419402
1544970023691  68  100  11440   0.73   423083
1544970023923  68  100  11439   0.73   426954
1544970024107  68  100  11440   0.73   419995
1544970024321  70  99  11439   0.73   421124
1544970024511  70  99  11439   0.73   423445
1544970024730  70  99  11440   0.73   427301
1544970024908  70  99  11442   0.73   415748
1544970025129  72  99  11439   0.75   419679
1544970025323  72  99  11437   0.75   421885
1544970025544  72  99  11439   0.75   425737
1544970025753  72  99  11440   0.75   413421
1544970025942  74  99  11438   0.76   415916
1544970026127  74  99  11439   0.76   418726
1544970026357  74  99  11439   0.76   422907
1544970026528  74  99  11437   0.76   409926
1544970026751  75  99  11440   0.79   411979
1544970026945  75  99  11437   0.79   414967
1544970027159  75  99  11440   0.79   419033
1544970027347  75  99  11440   0.79   406582
1544970027594  77  99  11436   0.79   408642
1544970027745  77  99  11438   0.79   412004
1544970027965  77  99  11439   0.79   416436
1544970028148  77  99  11439   0.79   402680
1544970028370  78  99  11439   0.83   404488
1544970028565  78  99  11438   0.83   407542
1544970028776  78  99  11440   0.83   411373
1544970028965  78  99  11440   0.83   399193
1544970029181  77  99  11438   0.86   400898
1544970029363  77  99  11438   0.86   402565
1544970029586  77  99  11439   0.86   405907
1544970029809  77  99  11439   0.86   401067
1544970029990  77  99  11439   0.86   393611
1544970030182  77  99  11438   0.86   394969
1544970030394  77  99  11440   0.86   398862
1544970030582  77  99  11439   0.86   403210
1544970030801  77  99  11439   0.86   388777
1544970030981  76  99  11438   0.91   389653
1544970031204  76  99  11438   0.91   392119
1544970031386  76  99  11440   0.91   396379
1544970031664  76  99  11439   0.91   400583
1544970031799  76  99  11438   0.91   384995
1544970032014  75  99  11439   0.95   385896
1544970032202  75  99  11440   0.95   389796
1544970032418  75  99  11439   0.95   394254
1544970032600  75  99  11440   0.95   384841
1544970032823  74  99  11441   0.92   381309
1544970033037  74  99  11439   0.92   382628
1544970033232  74  99  11438   0.92   387391
1544970033417  74  99  11440   0.92   392527
1544970033635  74  99  11441   0.92   378165
1544970033821  73  99  11440   0.94   378953
1544970034039  73  99  11438   0.94   381989
1544970034222  73  99  11438   0.94   386967
1544970034444  73  99  11442   0.94   392506
1544970034661  73  99  11438   0.94   378564
1544970034824  72  99  11437   0.98   379751
1544970035039  72  99  11440   0.98   383322
1544970035238  72  99  11438   0.98   388333
1544970035436  72  99  11438   0.98   393950
1544970035619  72  99  11442   0.98   380770
1544970035842  71  100  11438   0.98   382058
1544970036042  71  100  11438   0.98   386139
1544970036252  71  100  11438   0.98   391275
1544970036439  71  100  11441   0.98   396996
1544970036654  71  100  11440   0.98   384357
1544970036850  69  100  11439   1.0   385079
1544970037055  69  100  11440   1.0   388789
1544970037239  69  100  11442   1.0   393703
1544970037460  69  100  11441   1.0   398800
1544970037652  69  100  11438   1.0   386912
1544970037867  67  100  11440   0.99   388160
1544970038060  67  100  11439   0.99   391812
1544970038275  67  100  11442   0.99   396589
1544970038454  67  100  11440   0.99   386455
1544970038675  66  100  11440   0.88   386370
1544970038858  66  100  11440   0.88   388063
1544970039086  66  100  11437   0.88   392019
1544970039269  66  100  11439   0.88   383147
1544970039496  65  100  11439   0.83   380444
1544970039677  65  100  11441   0.83   382293
1544970039896  65  100  11442   0.83   387056
1544970040073  65  100  11440   0.83   381289
1544970040294  65  100  11438   0.83   375883
1544970040478  64  100  11441   0.82   377960
1544970040704  64  100  11442   0.82   383110
1544970040894  64  100  11439   0.82   384704
1544970041112  64  100  11442   0.82   374837
1544970041306  63  100  11441   0.83   377481
1544970041509  63  100  11441   0.83   383172
1544970041693  63  100  11440   0.83   389229
1544970041916  63  100  11440   0.83   379993
1544970042103  62  100  11439   0.87   382235
1544970042322  62  100  11439   0.87   386515
1544970042507  62  100  11438   0.87   391666
1544970042725  62  100  11439   0.87   389555
1544970042920  62  100  11440   0.87   386890
1544970043127  62  100  11440   0.89   390105
1544970043312  62  100  11440   0.89   394982
1544970043534  62  100  11439   0.89   399827
1544970043725  62  100  11440   0.89   391901
1544970043940  63  100  11441   0.91   394746
1544970044126  63  100  11442   0.91   398111
1544970044343  63  100  11443   0.91   402301
1544970044527  63  100  11439   0.91   397482
1544970044747  64  100  11441   0.87   398147
1544970044942  64  100  11442   0.87   400469
1544970045156  64  100  11440   0.87   404389
1544970045340  64  100  11444   0.87   408632
1544970045561  64  100  11439   0.87   399220
1544970045751  64  100  11441   0.92   401241
1544970045966  64  100  11440   0.92   404360
1544970046146  64  100  11441   0.92   407971
1544970046369  64  100  11440   0.92   409101
1544970046552  64  100  11443   0.92   401618
1544970046779  64  100  11442   0.93   403137
1544970046961  64  100  11440   0.93   406477
1544970047183  64  100  11441   0.93   409951
1544970047362  64  100  11442   0.93   402006
1544970047629  64  100  11443   0.93   403552
1544970047766  64  100  11441   0.93   405129
1544970047989  64  100  11442   0.93   408483
1544970048184  64  100  11441   0.93   412162
1544970048394  64  100  11438   0.93   401854
1544970048582  64  100  11441   0.97   403718
1544970048786  64  100  11440   0.97   405645
1544970048987  64  100  11442   0.97   408943
1544970049164  64  100  11441   0.97   412572
1544970049388  64  100  11440   0.97   401959
1544970049569  64  100  11440   0.99   403515
1544970049795  64  100  11441   0.99   405727
1544970049991  64  100  11442   0.99   408706
1544970050205  64  100  11442   0.99   412030
1544970050389  64  100  11442   0.99   401083
1544970050609  64  100  11442   0.94   401694
1544970050785  64  100  11443   0.94   404768
1544970051013  64  100  11442   0.94   407822
1544970051199  64  100  11444   0.94   407302
1544970051416  64  100  11441   0.94   397985
1544970051613  63  100  11442   0.97   398189
1544970051820  63  100  11442   0.97   401061
1544970051997  63  100  11443   0.97   404258
1544970052220  63  100  11445   0.97   395667
1544970052402  63  100  11442   0.95   393809
1544970052639  63  100  11441   0.95   394170
1544970052822  63  100  11441   0.95   397169
1544970053043  63  100  11442   0.95   400780
1544970053215  63  100  11441   0.95   388050
1544970053435  63  100  11442   0.95   387600
1544970053617  63  100  11441   0.95   389364
1544970053886  63  100  11442   0.95   392890
1544970054030  63  100  11442   0.95   397240
1544970054260  63  100  11442   0.95   383631
1544970054442  62  100  11440   0.97   383242
1544970054702  62  100  11444   0.97   386225
1544970054842  62  100  11442   0.97   390074
1544970055055  62  100  11441   0.97   393123
1544970055236  62  100  11443   0.97   381668
1544970055458  62  100  11441   0.95   382474
1544970055650  62  100  11442   0.95   386475
1544970055865  62  100  11444   0.95   390969
1544970056056  62  100  11443   0.95   382599
1544970056276  62  100  11443   0.94   380097
1544970056453  62  100  11441   0.94   381557
1544970056675  62  100  11443   0.94   386134
1544970056858  62  100  11445   0.94   391191
1544970057080  62  100  11444   0.94   380310
1544970057289  62  99  11445   0.95   380637
1544970057485  62  99  11443   0.95   383559
1544970057696  62  99  11441   0.95   388170
1544970057890  62  99  11443   0.95   393615
1544970058073  62  99  11444   0.95   381992
1544970058291  62  99  11443   0.95   383048
1544970058474  62  99  11442   0.95   387043
1544970058704  62  99  11442   0.95   391967
1544970058888  62  99  11442   0.95   394904
1544970059110  62  99  11443   0.95   382861
1544970059295  62  99  11442   0.97   383686
1544970059507  62  99  11442   0.97   387873
1544970059690  62  99  11441   0.97   392796
1544970059912  62  99  11444   0.97   391500
1544970060097  62  99  11441   0.97   383051
1544970060320  62  99  11445   0.97   384047
1544970060505  62  99  11442   0.97   388291
1544970060727  62  99  11442   0.97   392899
1544970060914  62  99  11442   0.97   382511
1544970061131  62  99  11442   0.93   382643
1544970061313  62  99  11440   0.93   384897
1544970061534  62  99  11446   0.93   389371
1544970061765  62  99  11442   0.93   393835
1544970061942  62  99  11444   0.93   379000
1544970062123  62  99  11442   0.92   378963
1544970062345  62  99  11445   0.92   382748
1544970062528  62  99  11441   0.92   387086
1544970062748  62  99  11445   0.92   379859
1544970062933  62  99  11443   0.92   376055
1544970063135  62  99  11442   0.92   377530
1544970063346  62  99  11443   0.92   381820
1544970063527  62  99  11443   0.92   386793
1544970063746  62  99  11443   0.92   374501
1544970063928  62  99  11442   0.9   375054
1544970064146  62  99  11444   0.9   379165
1544970064330  62  99  11442   0.9   383690
1544970064551  62  99  11441   0.9   373531
1544970064763  63  99  11442   0.87   372749
1544970064955  63  99  11441   0.87   375317
1544970065144  63  99  11442   0.87   380037
1544970065360  63  99  11442   0.87   383848
1544970065545  63  99  11443   0.87   370294
1544970065766  64  100  11444   0.89   371618
1544970065948  64  100  11444   0.89   376651
1544970066171  64  100  11444   0.89   381845
1544970066362  64  100  11443   0.89   376224
1544970066576  64  100  11445   0.89   372438
1544970066762  64  100  11442   0.94   374441
1544970066983  64  100  11441   0.94   379204
1544970067166  64  100  11443   0.94   384428
1544970067384  64  100  11442   0.94   373865
1544970067569  65  100  11443   0.95   374482
1544970067797  65  100  11442   0.95   377570
1544970067981  65  100  11442   0.95   382430
1544970068197  65  100  11442   0.95   387761
1544970068378  65  100  11443   0.95   377196
1544970068599  65  100  11442   1.01   377972
1544970068826  65  100  11443   1.01   380599
1544970069027  65  100  11441   1.01   385277
1544970069196  65  100  11443   1.01   390424
1544970069418  65  100  11444   1.01   380716
1544970069594  65  100  11442   0.99   381997
1544970069821  65  100  11444   0.99   384453
1544970070003  65  100  11442   0.99   388791
1544970070220  65  100  11442   0.99   393749
1544970070406  65  100  11442   0.99   381625
1544970070676  65  100  11441   0.96   382458
1544970070815  65  100  11442   0.96   385888
1544970071032  65  100  11442   0.96   390265
1544970071230  65  100  11443   0.96   395422
1544970071433  65  100  11442   0.96   382526
1544970071619  64  100  11440   0.97   383169
1544970071839  64  100  11442   0.97   386612
1544970072029  64  100  11442   0.97   390528
1544970072249  64  100  11441   0.97   390416
1544970072434  64  100  11441   0.97   382153
1544970072650  63  99  11440   0.95   383064
1544970072843  63  99  11440   0.95   387183
1544970073053  63  99  11442   0.95   391542
1544970073236  63  99  11443   0.95   381582
1544970073458  63  99  11442   0.95   379304
1544970073677  63  99  11444   0.95   380417
1544970073865  63  99  11442   0.95   384457
1544970074049  63  99  11441   0.95   389307
1544970074270  63  99  11444   0.95   376506
1544970074452  62  99  11441   0.95   376302
1544970074673  62  99  11442   0.95   379135
1544970074857  62  99  11441   0.95   383469
1544970075083  62  99  11444   0.95   386552
1544970075264  62  99  11441   0.95   372592
1544970075486  62  99  11442   0.93   372380
1544970075676  62  99  11443   0.93   376632
1544970075904  62  99  11440   0.93   380972
1544970076072  62  99  11444   0.93   372366
1544970076294  62  99  11441   0.92   370296
1544970076477  62  99  11442   0.92   371773
1544970076663  62  99  11438   0.92   376927
1544970076891  62  99  11441   0.92   381464
1544970077077  62  99  11439   0.92   368010
1544970077294  63  99  11441   0.9   368920
1544970077476  63  99  11444   0.9   373064
1544970077693  63  99  11440   0.9   378478
1544970077872  63  99  11442   0.9   367489
1544970078098  63  99  11442   0.85   368201
1544970078289  63  99  11443   0.85   372445
1544970078505  63  99  11442   0.85   377455
1544970078689  63  99  11441   0.85   366950
1544970078908  64  99  11444   0.82   367779
1544970079089  64  99  11442   0.82   371434
1544970079311  64  99  11442   0.82   376710
1544970079493  64  99  11444   0.82   369581
1544970079718  65  99  11444   0.82   370445
1544970079901  65  99  11440   0.82   374142
1544970080123  65  99  11445   0.82   378858
1544970080339  65  99  11442   0.82   375456
1544970080525  66  99  11445   0.82   374919
1544970080709  66  99  11446   0.82   378379
1544970080933  66  99  11445   0.82   382980
1544970081120  66  99  11443   0.82   380681
1544970081337  66  99  11444   0.82   379477
1544970081534  67  99  11442   0.81   382188
1544970081743  67  99  11442   0.81   387230
1544970081927  67  99  11440   0.81   388934
1544970082145  67  99  11441   0.81   385635
1544970082330  68  99  11441   0.82   389264
1544970082551  68  99  11444   0.82   394229
1544970082745  68  99  11442   0.82   399244
1544970082957  68  99  11444   0.82   394252
1544970083143  69  99  11442   0.86   396976
1544970083363  69  99  11444   0.86   401205
1544970083544  69  99  11441   0.86   405524
1544970083767  69  99  11442   0.86   399426
1544970083948  70  99  11442   0.83   402678
1544970084175  70  99  11441   0.83   406078
1544970084372  70  99  11441   0.83   410202
1544970084577  70  99  11444   0.83   405391
1544970084807  70  99  11442   0.87   406011
1544970084979  70  99  11443   0.87   408387
1544970085163  70  99  11440   0.87   412388
1544970085385  70  99  11443   0.87   416376
1544970085567  70  99  11442   0.87   407538
1544970085790  71  100  11442   0.92   409882
1544970085976  71  100  11442   0.92   412962
1544970086195  71  100  11444   0.92   416549
1544970086382  71  100  11441   0.92   417232
1544970086645  71  100  11442   0.92   410508
1544970086783  71  100  11440   0.92   412547
1544970087007  71  100  11441   0.92   416173
1544970087190  71  100  11438   0.92   419891
1544970087412  71  100  11441   0.92   413901
1544970087595  70  100  11440   0.97   412067
1544970087817  70  100  11442   0.97   413634
1544970088001  70  100  11440   0.97   417392
1544970088218  70  100  11440   0.97   421017
1544970088401  70  100  11444   0.97   411531
1544970088624  70  99  11441   0.97   412685
1544970088814  70  99  11442   0.97   414236
1544970089032  70  99  11442   0.97   417559
1544970089221  70  99  11442   0.97   421287
1544970089434  70  99  11441   0.97   409209
1544970089617  69  99  11442   0.96   409891
1544970089799  69  99  11444   0.96   411769
1544970090028  69  99  11444   0.96   414855
1544970090212  69  99  11445   0.96   418647
1544970090427  69  99  11445   0.96   404740
1544970090624  68  99  11444   0.98   404082
1544970090837  68  99  11442   0.98   406405
1544970091025  68  99  11442   0.98   409726
1544970091235  68  99  11443   0.98   413473
1544970091421  68  99  11442   0.98   399396
1544970091640  66  99  11442   0.98   398908
1544970091871  66  99  11441   0.98   402019
1544970092047  66  99  11442   0.98   405642
1544970092245  66  99  11440   0.98   405602
1544970092450  66  99  11440   0.98   393993
1544970092633  65  99  11440   0.96   394196
1544970092900  65  99  11440   0.96   397820
1544970093041  65  99  11442   0.96   401910
1544970093262  65  99  11440   0.96   401330
1544970093449  65  99  11444   0.96   389030
1544970093729  64  99  11441   1.0   389303
1544970093858  64  99  11442   1.0   393114
1544970094069  64  99  11441   1.0   397475
1544970094253  64  99  11441   1.0   397540
1544970094475  64  99  11442   1.0   385534
1544970094658  63  99  11440   1.0   385872
1544970094887  63  99  11442   1.0   389808
1544970095072  63  99  11442   1.0   394272
1544970095289  63  99  11442   1.0   390814
1544970095468  63  99  11443   1.0   381637
1544970095691  62  99  11442   0.98   382407
1544970095882  62  99  11442   0.98   386645
1544970096097  62  99  11443   0.98   391400
1544970096303  62  99  11444   0.98   391926
1544970096504  62  99  11441   0.98   378426
1544970096725  61  99  11442   1.03   379109
1544970096906  61  99  11441   1.03   383536
1544970097088  61  99  11443   1.03   388443
1544970097309  61  99  11442   1.03   391919
1544970097492  61  99  11442   1.03   377473
1544970097728  60  99  11443   1.01   377740
1544970097899  60  99  11440   1.01   381527
1544970098122  60  99  11442   1.01   385536
1544970098314  60  99  11441   1.01   378193
1544970098528  60  99  11439   1.01   373366
1544970098711  60  99  11441   0.94   374778
1544970098933  60  99  11442   0.94   379317
1544970099117  60  99  11442   0.94   384555
1544970099336  60  99  11443   0.94   370290
1544970099523  60  100  11442   0.93   369999
1544970099742  60  100  11441   0.93   373689
1544970099931  60  100  11441   0.93   378376
1544970100143  60  100  11442   0.93   375072
1544970100327  60  100  11440   0.93   367540
1544970100549  60  100  11444   0.89   368957
1544970100789  60  100  11442   0.89   373838
1544970100957  60  100  11441   0.89   374274
1544970101141  60  100  11442   0.89   363502
1544970101359  60  100  11440   0.82   365388
1544970101541  60  100  11440   0.82   371188
1544970101765  60  100  11442   0.82   376967
1544970101947  60  100  11440   0.82   364996
1544970102171  61  99  11440   0.84   367336
1544970102359  61  99  11438   0.84   373062
1544970102548  61  99  11440   0.84   379287
1544970102762  61  99  11442   0.84   373505
1544970102944  61  99  11439   0.88   375327
1544970103161  61  99  11440   0.88   378900
1544970103344  61  99  11438   0.88   384217
1544970103567  61  99  11440   0.88   389185
1544970103780  61  99  11440   0.88   382425
1544970103979  62  99  11441   0.89   385224
1544970104167  62  99  11441   0.89   389930
1544970104379  62  99  11440   0.89   394856
1544970104558  62  99  11441   0.89   391332
1544970104779  63  99  11441   0.94   391996
1544970104963  63  99  11442   0.94   394637
1544970105190  63  99  11442   0.94   398685
1544970105373  63  99  11443   0.94   403148
1544970105598  63  99  11442   0.94   396977
1544970105780  63  99  11442   0.96   399642
1544970106001  63  99  11442   0.96   402154
1544970106176  63  99  11442   0.96   405536
1544970106400  63  99  11442   0.96   409641
1544970106583  63  99  11442   0.96   402085
1544970106812  64  99  11440   0.95   404179
1544970107004  64  99  11441   0.95   407125
1544970107217  64  99  11444   0.95   410365
1544970107403  64  99  11443   0.95   414337
1544970107615  64  99  11440   0.95   405875
1544970107799  64  99  11442   0.99   407712
1544970108028  64  99  11444   0.99   410685
1544970108205  64  99  11443   0.99   413857
1544970108432  64  99  11442   0.99   417643
1544970108618  64  99  11443   0.99   409172
1544970108842  63  99  11442   0.98   410596
1544970109021  63  99  11440   0.98   413803
1544970109237  63  99  11441   0.98   416862
1544970109420  63  99  11441   0.98   419569
1544970109684  63  99  11441   0.98   409723
1544970109831  63  99  11442   0.98   410436
1544970110047  63  99  11442   0.98   413440
1544970110235  63  99  11442   0.98   416489
1544970110449  63  99  11442   0.98   414536
1544970110633  63  99  11443   0.98   408056
1544970110853  63  99  11443   0.96   408445
1544970111037  63  99  11444   0.96   411122
1544970111264  63  99  11444   0.96   414191
1544970111445  63  99  11443   0.96   404165
1544970111666  62  99  11444   0.95   403932
1544970111848  62  99  11441   0.95   404814
1544970112073  62  99  11443   0.95   407473
1544970112254  62  99  11443   0.95   410876
1544970112473  62  99  11443   0.95   398737
1544970112658  62  99  11443   0.96   398245
1544970112880  62  99  11441   0.96   400335
1544970113066  62  99  11441   0.96   403553
1544970113286  62  99  11444   0.96   407567
1544970113468  62  99  11442   0.96   396273
1544970113688  62  99  11442   0.96   396617
1544970113872  62  99  11443   0.96   399963
1544970114095  62  99  11443   0.96   403645
1544970114286  62  99  11444   0.96   402102
1544970114500  62  99  11442   0.96   396660
1544970114726  62  99  11441   0.93   398017
1544970114906  62  99  11441   0.93   401663
1544970115090  62  99  11441   0.93   405526
1544970115269  62  99  11441   0.93   398601
1544970115492  62  99  11440   0.97   397684
1544970115673  62  99  11441   0.97   399154
1544970115901  62  99  11442   0.97   402476
1544970116099  62  99  11441   0.97   406304
1544970116304  62  99  11441   0.97   398352
1544970116484  62  99  11442   0.99   398947
1544970116705  62  99  11440   0.99   400456
1544970116889  62  99  11443   0.99   403601
1544970117113  62  99  11441   0.99   407374
1544970117308  62  99  11442   0.99   398209
1544970117518  62  99  11442   0.96   399375
1544970117705  62  99  11443   0.96   401624
1544970117926  62  99  11444   0.96   404884
1544970118106  62  99  11442   0.96   408866
1544970118325  62  99  11442   0.96   399225
1544970118508  62  99  11443   0.99   400132
1544970118734  62  99  11442   0.99   402353
1544970118917  62  99  11441   0.99   405675
1544970119140  62  99  11444   0.99   409607
1544970119325  62  99  11443   0.99   400043
1544970119547  61  100  11441   0.99   400826
1544970119732  61  100  11443   0.99   403418
1544970119945  61  100  11442   0.99   406797
1544970120142  61  100  11444   0.99   410147
1544970120353  61  100  11445   0.99   399397
1544970120539  61  100  11442   0.95   399918
1544970120763  61  100  11442   0.95   403084
1544970120951  61  100  11442   0.95   406695
1544970121161  61  100  11442   0.95   409105
1544970121343  61  100  11444   0.95   398633
1544970121564  61  100  11442   0.99   399296
1544970121754  61  100  11440   0.99   402597
1544970121984  61  100  11441   0.99   406363
1544970122162  61  100  11438   0.99   408292
1544970122373  61  100  11441   0.99   398860
1544970122557  60  100  11442   0.99   399554
1544970122779  60  100  11443   0.99   403369
1544970123010  60  100  11440   0.99   407515
1544970123185  60  100  11441   0.99   406286
1544970123382  60  100  11441   0.99   397213
1544970123592  60  100  11441   0.99   398297
1544970123830  60  100  11443   0.99   402660
1544970123996  60  100  11442   0.99   407735
1544970124175  60  100  11442   0.99   408052
1544970124402  60  100  11440   0.99   399829
1544970124581  60  100  11442   0.99   400651
1544970124807  60  100  11441   0.99   404421
1544970125000  60  100  11443   0.99   408186
1544970125214  60  100  11440   0.99   398757
1544970125403  60  99  11442   0.91   399762
1544970125660  60  99  11446   0.91   402020
1544970125798  60  99  11440   0.91   405539
1544970126018  60  99  11442   0.91   398205
1544970126202  60  99  11440   0.85   396762
1544970126427  60  99  11442   0.85   398375
1544970126615  60  99  11442   0.85   402451
1544970126821  60  99  11443   0.85   394532
1544970127021  60  99  11442   0.78   395099
1544970127233  60  99  11444   0.78   397526
1544970127415  60  99  11443   0.78   401934
1544970127638  60  99  11443   0.78   395295
1544970127837  61  99  11443   0.81   395855
1544970128046  61  99  11443   0.81   397988
1544970128232  61  99  11443   0.81   402452
1544970128451  61  99  11442   0.81   406903
1544970128631  61  99  11440   0.81   397820
1544970128814  61  99  11442   0.89   399793
1544970129037  61  99  11441   0.89   404013
1544970129224  61  99  11441   0.89   408240
1544970129445  61  99  11442   0.89   403290
1544970129634  62  99  11443   0.93   402272
1544970129853  62  99  11444   0.93   404458
1544970130037  62  99  11445   0.93   408564
1544970130250  62  99  11444   0.93   412795
1544970130434  62  99  11443   0.93   407661
1544970130655  62  99  11442   1.0   406514
1544970130901  62  99  11442   1.0   408575
1544970131075  62  99  11442   1.0   412286
1544970131256  62  99  11443   1.0   416094
1544970131471  62  99  11443   1.0   410175
1544970131648  63  99  11441   0.99   409899
1544970131870  63  99  11442   0.99   412024
1544970132053  63  99  11442   0.99   415508
1544970132286  63  99  11442   0.99   419533
1544970132467  63  99  11441   0.99   417851
1544970132736  63  99  11442   0.99   412571
1544970132874  63  100  11443   1.03   413996
1544970133097  63  100  11440   1.03   417505
1544970133268  63  100  11442   1.03   421047
1544970133490  63  100  11443   1.03   421133
1544970133671  63  100  11444   1.03   414248
1544970133901  62  100  11440   1.01   415279
1544970134083  62  100  11443   1.01   418865
1544970134306  62  100  11442   1.01   422176
1544970134489  62  100  11442   1.01   418582
1544970134705  62  100  11443   1.01   412835
1544970134889  62  99  11441   0.99   413349
1544970135110  62  99  11442   0.99   416234
1544970135303  62  99  11440   0.99   419613
1544970135517  62  99  11440   0.99   416122
1544970135708  62  99  11440   0.99   409398
1544970135927  61  99  11441   1.0   409494
1544970136114  61  99  11442   1.0   412176
1544970136324  61  99  11441   1.0   415482
1544970136509  61  99  11442   1.0   405364
1544970136727  61  99  11443   0.95   405536
1544970136920  61  99  11442   0.95   406267
1544970137135  61  99  11445   0.95   409388
1544970137331  61  99  11442   0.95   413153
1544970137542  61  99  11442   0.95   400447
1544970137719  61  99  11442   0.97   399965
1544970137946  61  99  11441   0.97   401499
1544970138132  61  99  11441   0.97   404561
1544970138354  61  99  11443   0.97   408622
1544970138537  61  99  11442   0.97   395903
1544970138756  60  99  11443   0.96   395161
1544970138941  60  99  11444   0.96   397869
1544970139162  60  99  11443   0.96   401284
1544970139342  60  99  11441   0.96   399753
1544970139571  60  99  11442   0.96   391277
1544970139802  61  99  11442   0.93   392043
1544970139971  61  99  11441   0.93   395613
1544970140157  61  99  11440   0.93   399979
1544970140374  61  99  11441   0.93   392774
1544970140557  61  99  11444   0.96   391402
1544970140780  61  99  11442   0.96   393164
1544970140962  61  99  11443   0.96   397308
1544970141188  61  99  11445   0.96   402142
1544970141373  61  99  11444   0.96   394293
1544970141592  61  99  11442   0.97   395479
1544970141786  61  99  11443   0.97   397846
1544970141996  61  99  11442   0.97   401875
1544970142179  61  99  11441   0.97   406158
1544970142399  61  99  11441   0.97   396369
1544970142582  61  100  11441   0.92   396871
1544970142773  61  100  11444   0.92   400306
1544970142995  61  100  11441   0.92   404211
1544970143176  61  100  11443   0.92   402101
1544970143404  61  100  11444   0.92   397311
1544970143574  61  100  11444   0.95   398661
1544970143796  61  100  11442   0.95   402081
1544970143981  61  100  11443   0.95   405956
1544970144202  61  100  11442   0.95   399603
1544970144397  62  99  11444   0.96   398866
1544970144606  62  99  11443   0.96   400477
1544970144802  62  99  11444   0.96   402974
1544970145026  62  99  11441   0.96   406865
1544970145203  62  99  11443   0.96   401049
1544970145416  62  99  11443   0.97   402196
1544970145597  62  99  11442   0.97   402691
1544970145827  62  99  11440   0.97   405410
1544970146004  62  99  11443   0.97   409854
1544970146229  62  99  11443   0.97   403308
1544970146413  62  99  11442   0.91   404557
1544970146631  62  99  11444   0.91   408321
1544970146857  62  99  11442   0.91   412178
1544970147038  62  99  11443   0.91   406367
1544970147224  62  99  11443   0.91   405774
1544970147447  62  99  11444   0.91   409008
1544970147627  62  99  11442   0.91   429836
1544970147847  62  99  11444   0.91   449328
1544970148034  62  99  11442   0.91   441865
1544970148250  62  99  11443   0.92   448943
1544970148433  62  99  11442   0.92   456545
1544970148656  62  99  11444   0.92   466089
1544970148854  62  99  11443   0.92   453690
1544970149063  62  99  11442   0.85   412533
1544970149248  62  99  11444   0.85   918399