0.860000014305115
0.870000004768372
0.879999995231628
0.829999983310700
0.850000023841858
0.870000004768372
0.750000000000000
0.720000028610230
0.709999978542328
0.730000019073486
0.810000002384186
0.839999973773956
0.850000023841858
0.860000014305115
0.800000011920929
0.819999992847443
0.769999980926514
0.759999990463257
0.800000011920929
0.860000014305115
0.850000023841858
0.879999995231628
0.889999985694885
0.850000023841858
0.800000011920929
0.810000002384186
0.829999983310700
0.839999973773956
0.870000004768372
0.910000026226044
0.939999997615814
0.920000016689301
0.959999978542328
0.879999995231628
0.899999976158142
0.930000007152557
0.779999971389771
0.750000000000000
0.709999978542328
0.740000009536743
0.800000011920929
0.850000023841858
0.819999992847443
0.850000023841858
0.879999995231628
0.860000014305115
0.819999992847443
0.839999973773956
0.860000014305115
0.829999983310700
0.819999992847443
0.800000011920929
0.819999992847443
0.860000014305115
0.819999992847443
0.860000014305115
0.870000004768372
0.860000014305115
0.850000023841858
0.870000004768372
0.889999985694885
0.899999976158142
0.790000021457672
0.819999992847443
0.839999973773956
0.850000023841858
0.810000002384186
0.829999983310700
0.850000023841858
0.819999992847443
0.860000014305115
0.879999995231628
0.870000004768372
0.850000023841858
0.790000021457672
0.839999973773956
0.829999983310700
0.839999973773956
0.790000021457672
0.819999992847443
0.810000002384186
0.740000009536743
0.759999990463257
0.779999971389771
0.810000002384186
0.839999973773956
0.850000023841858
0.839999973773956
0.769999980926514
0.800000011920929
0.810000002384186
0.790000021457672
0.819999992847443
0.860000014305115
0.839999973773956
0.850000023841858
0.870000004768372
0.810000002384186
0.839999973773956
0.850000023841858
0.839999973773956
0.819999992847443
0.850000023841858
0.870000004768372
0.819999992847443
0.810000002384186
0.800000011920929
0.819999992847443
0.779999971389771
0.810000002384186
0.779999971389771
0.750000000000000
0.769999980926514
0.800000011920929
0.759999990463257
0.769999980926514
0.810000002384186
0.850000023841858
0.860000014305115
0.829999983310700
0.790000021457672
0.779999971389771
0.839999973773956
0.810000002384186
0.819999992847443
0.790000021457672
0.759999990463257
0.730000019073486
0.740000009536743
0.730000019073486
0.750000000000000
0.769999980926514
0.730000019073486
0.740000009536743
0.670000016689301
0.649999976158142
0.689999997615814
0.740000009536743
0.800000011920929
0.769999980926514
0.810000002384186
0.829999983310700
0.819999992847443
0.839999973773956
0.860000014305115
0.839999973773956
0.870000004768372
0.889999985694885
0.839999973773956
0.889999985694885
0.920000016689301
0.930000007152557
0.819999992847443
0.839999973773956
0.790000021457672
0.829999983310700
0.850000023841858
0.810000002384186
0.860000014305115
0.779999971389771
0.800000011920929
0.810000002384186
0.819999992847443
0.839999973773956
0.810000002384186
0.750000000000000
0.740000009536743
0.699999988079071
0.660000026226044
0.709999978542328
0.730000019073486
0.769999980926514
0.829999983310700
0.850000023841858
0.870000004768372
0.860000014305115
0.829999983310700
0.839999973773956
0.850000023841858
0.860000014305115
0.829999983310700
0.819999992847443
0.759999990463257
0.730000019073486
0.699999988079071
0.709999978542328
0.759999990463257
0.810000002384186
0.819999992847443
0.850000023841858
0.870000004768372
0.889999985694885
0.870000004768372
0.879999995231628
0.850000023841858
0.870000004768372
0.879999995231628
0.889999985694885
0.879999995231628
0.860000014305115
0.879999995231628
0.850000023841858
0.860000014305115
0.839999973773956
0.829999983310700
0.839999973773956
0.819999992847443
0.839999973773956
0.870000004768372
0.850000023841858
0.819999992847443
0.850000023841858
0.810000002384186
0.860000014305115
0.839999973773956
0.850000023841858
0.800000011920929
0.810000002384186
0.829999983310700
0.779999971389771
0.810000002384186
0.839999973773956
0.879999995231628
0.829999983310700
0.839999973773956
0.829999983310700
0.819999992847443
0.839999973773956
0.850000023841858
0.860000014305115
0.810000002384186
0.829999983310700
0.860000014305115
0.790000021457672
0.769999980926514
0.790000021457672
0.829999983310700
0.810000002384186
0.829999983310700
0.850000023841858
0.860000014305115
0.839999973773956
0.860000014305115
0.879999995231628
0.860000014305115
0.889999985694885
0.870000004768372
0.819999992847443
0.829999983310700
0.839999973773956
0.819999992847443
0.860000014305115
0.879999995231628
0.860000014305115
0.870000004768372
0.829999983310700
0.839999973773956
0.829999983310700
0.850000023841858
0.810000002384186
0.839999973773956
0.850000023841858
0.829999983310700
0.860000014305115
0.870000004768372
0.850000023841858
0.870000004768372
0.889999985694885
0.879999995231628
0.870000004768372
0.879999995231628
0.860000014305115
0.819999992847443
0.850000023841858
0.829999983310700
0.839999973773956
0.860000014305115
0.879999995231628
0.839999973773956
0.860000014305115
0.810000002384186
0.730000019073486
0.740000009536743
0.750000000000000
0.709999978542328
0.720000028610230
0.709999978542328
0.699999988079071
0.680000007152557
0.689999997615814
0.680000007152557
0.689999997615814
0.699999988079071
0.709999978542328
0.730000019073486
0.720000028610230
0.689999997615814
0.720000028610230
0.730000019073486
0.769999980926514
0.779999971389771
0.810000002384186
0.819999992847443
0.800000011920929
0.769999980926514
0.800000011920929
0.790000021457672
0.839999973773956
0.889999985694885
0.910000026226044
0.860000014305115
0.850000023841858
0.899999976158142
0.839999973773956
0.879999995231628
0.870000004768372
0.910000026226044
0.800000011920929
0.779999971389771
0.790000021457672
0.810000002384186
0.800000011920929
0.810000002384186
0.839999973773956
0.850000023841858
0.829999983310700
0.860000014305115
0.839999973773956
0.790000021457672
0.819999992847443
0.850000023841858
0.829999983310700
0.850000023841858
0.870000004768372
0.899999976158142
0.889999985694885
0.870000004768372
0.889999985694885
0.899999976158142
0.870000004768372
0.879999995231628
0.899999976158142
0.910000026226044
0.870000004768372
0.930000007152557
0.959999978542328
0.899999976158142
0.910000026226044
0.870000004768372
0.800000011920929
0.829999983310700
0.790000021457672
0.850000023841858
0.889999985694885
0.939999997615814
0.970000028610230
0.910000026226044
0.920000016689301
0.870000004768372
0.839999973773956
0.860000014305115
0.850000023841858
0.790000021457672
0.829999983310700
0.800000011920929
0.759999990463257
0.779999971389771
0.819999992847443
0.800000011920929
0.769999980926514
0.790000021457672
0.839999973773956
0.800000011920929
0.829999983310700
0.870000004768372
0.889999985694885
0.829999983310700
0.870000004768372
0.889999985694885
0.860000014305115
0.829999983310700
0.870000004768372
0.860000014305115
0.819999992847443
0.839999973773956
0.879999995231628
0.829999983310700
0.779999971389771
0.819999992847443
0.800000011920929
0.839999973773956
0.829999983310700
0.790000021457672
0.730000019073486
0.680000007152557
0.660000026226044
0.680000007152557
0.709999978542328
0.689999997615814
0.709999978542328
0.720000028610230
0.709999978542328
0.689999997615814
0.709999978542328
0.730000019073486
0.750000000000000
0.730000019073486
0.750000000000000
0.779999971389771
0.769999980926514
0.779999971389771
0.819999992847443
0.790000021457672
0.779999971389771
0.810000002384186
0.779999971389771
0.819999992847443
0.860000014305115
0.829999983310700
0.819999992847443
0.879999995231628
0.839999973773956
0.819999992847443
0.860000014305115
0.850000023841858
0.819999992847443
0.850000023841858
0.870000004768372
0.829999983310700
0.839999973773956
0.870000004768372
0.879999995231628
0.870000004768372
0.910000026226044
0.949999988079071
0.910000026226044
0.920000016689301
0.949999988079071
0.930000007152557
0.850000023841858
0.879999995231628
0.910000026226044
0.850000023841858
0.750000000000000
0.579999983310700
1.02999997138977
0.899999976158142
0.879999995231628
0.839999973773956
0.920000016689301
0.860000014305115
0.819999992847443
0.810000002384186
0.790000021457672
0.740000009536743
0.790000021457672
0.829999983310700
0.790000021457672
0.810000002384186
0.839999973773956
0.870000004768372
0.819999992847443
0.879999995231628
0.920000016689301
0.879999995231628
0.829999983310700
0.870000004768372
0.889999985694885
0.870000004768372
0.910000026226044
0.920000016689301
0.889999985694885
0.899999976158142
0.920000016689301
0.889999985694885
0.829999983310700
0.810000002384186
0.779999971389771
0.740000009536743
0.730000019073486
0.750000000000000
0.709999978542328
0.720000028610230
0.730000019073486
0.759999990463257
0.720000028610230
0.730000019073486
0.779999971389771
0.740000009536743
0.790000021457672
0.839999973773956
0.779999971389771
0.819999992847443
0.829999983310700
0.779999971389771
0.750000000000000
0.769999980926514
0.819999992847443
0.879999995231628
0.870000004768372
0.829999983310700
0.750000000000000
0.740000009536743
0.769999980926514
0.759999990463257
0.740000009536743
0.870000004768372
0.899999976158142
0.939999997615814
0.949999988079071
0.839999973773956
0.730000019073486
0.709999978542328
0.730000019073486
0.800000011920929
0.819999992847443
0.839999973773956
0.740000009536743
0.750000000000000
0.769999980926514
0.779999971389771
0.819999992847443
0.829999983310700
0.819999992847443
0.750000000000000
0.769999980926514
0.779999971389771
0.769999980926514
0.750000000000000
0.779999971389771
0.759999990463257
0.730000019073486
0.740000009536743
0.720000028610230
0.730000019073486
0.759999990463257
0.790000021457672
0.810000002384186
0.839999973773956
0.860000014305115
0.810000002384186
0.850000023841858
0.839999973773956
0.819999992847443
0.839999973773956
0.829999983310700
0.839999973773956
0.819999992847443
0.839999973773956
0.860000014305115
0.850000023841858
0.870000004768372
0.920000016689301
0.930000007152557
0.899999976158142
0.870000004768372
0.810000002384186
0.839999973773956
0.860000014305115
0.839999973773956
0.870000004768372
0.879999995231628
0.850000023841858
0.879999995231628
0.889999985694885
0.860000014305115
0.879999995231628
0.870000004768372
0.850000023841858
0.829999983310700
0.839999973773956
0.860000014305115
0.819999992847443
0.870000004768372
0.879999995231628
0.839999973773956
0.850000023841858
0.879999995231628
0.889999985694885
0.839999973773956
0.879999995231628
0.889999985694885
0.829999983310700
0.860000014305115
0.870000004768372
0.829999983310700
0.870000004768372
0.889999985694885
0.850000023841858
0.860000014305115
0.870000004768372
0.839999973773956
0.860000014305115
0.800000011920929
0.829999983310700
0.800000011920929
0.750000000000000
0.779999971389771
0.800000011920929
0.819999992847443
0.790000021457672
0.839999973773956
0.860000014305115
0.810000002384186
0.839999973773956
0.879999995231628
0.860000014305115
0.850000023841858
0.860000014305115
0.759999990463257
0.740000009536743
0.759999990463257
0.720000028610230
0.759999990463257
0.790000021457672
0.810000002384186
0.790000021457672
0.839999973773956
0.850000023841858
0.829999983310700
0.730000019073486
0.759999990463257
0.709999978542328
0.660000026226044
0.649999976158142
0.629999995231628
0.639999985694885
0.699999988079071
0.759999990463257
0.750000000000000
0.689999997615814
0.699999988079071
0.680000007152557
0.709999978542328
0.689999997615814
0.699999988079071
0.720000028610230
0.740000009536743
0.810000002384186
0.759999990463257
0.879999995231628
0.860000014305115
0.779999971389771
0.800000011920929
0.779999971389771
0.800000011920929
0.819999992847443
0.829999983310700
0.800000011920929
0.829999983310700
0.839999973773956
0.829999983310700
0.750000000000000
0.709999978542328
0.699999988079071
0.730000019073486
0.779999971389771
0.810000002384186
0.819999992847443
0.829999983310700
0.839999973773956
0.860000014305115
0.800000011920929
0.810000002384186
0.839999973773956
0.860000014305115
0.800000011920929
0.790000021457672
0.740000009536743
0.730000019073486
0.740000009536743
0.730000019073486
0.740000009536743
0.779999971389771
0.829999983310700
0.889999985694885
0.860000014305115
0.910000026226044
0.889999985694885
0.910000026226044
0.920000016689301
0.839999973773956
0.800000011920929
0.810000002384186
0.850000023841858
0.870000004768372
0.819999992847443
0.850000023841858
0.860000014305115
0.819999992847443
0.870000004768372
0.879999995231628
0.829999983310700
0.879999995231628
0.860000014305115
0.790000021457672
0.829999983310700
0.810000002384186
0.769999980926514
0.810000002384186
0.850000023841858
0.870000004768372
0.879999995231628
0.889999985694885
0.839999973773956
0.889999985694885
0.870000004768372
0.839999973773956
0.870000004768372
0.879999995231628
0.889999985694885
0.920000016689301
0.879999995231628
0.939999997615814
0.959999978542328
0.920000016689301
0.889999985694885
0.930000007152557
0.860000014305115
0.850000023841858
0.879999995231628
0.819999992847443
0.839999973773956
0.850000023841858
0.839999973773956
0.800000011920929
0.829999983310700
0.819999992847443
0.750000000000000
0.790000021457672
0.779999971389771
0.759999990463257
0.740000009536743
0.800000011920929
0.810000002384186
0.740000009536743
0.779999971389771
0.829999983310700
0.819999992847443
0.769999980926514
0.730000019073486
0.709999978542328
0.759999990463257
0.810000002384186
0.819999992847443
0.790000021457672
0.829999983310700
0.860000014305115
0.850000023841858
0.870000004768372
0.860000014305115
0.810000002384186
0.839999973773956
0.790000021457672
0.839999973773956
0.860000014305115
0.810000002384186
0.839999973773956
0.779999971389771
0.740000009536743
0.759999990463257
0.790000021457672
0.800000011920929
0.839999973773956
0.860000014305115
0.810000002384186
0.829999983310700
0.839999973773956
0.790000021457672
0.810000002384186
0.839999973773956
0.790000021457672
0.839999973773956
0.860000014305115
0.829999983310700
0.870000004768372
0.879999995231628
0.819999992847443
0.860000014305115
0.879999995231628
0.800000011920929
0.850000023841858
0.810000002384186
0.850000023841858
0.879999995231628
0.870000004768372
0.839999973773956
0.879999995231628
0.889999985694885
0.819999992847443
0.870000004768372
0.889999985694885
0.810000002384186
0.860000014305115
0.870000004768372
0.839999973773956
0.829999983310700
0.860000014305115
0.829999983310700
0.800000011920929
0.850000023841858
0.839999973773956
0.779999971389771
0.810000002384186
0.829999983310700
0.779999971389771
0.800000011920929
0.769999980926514
0.740000009536743
0.769999980926514
0.740000009536743
0.699999988079071
0.709999978542328
0.689999997615814
0.660000026226044
0.680000007152557
0.689999997615814
0.680000007152557
0.660000026226044
0.639999985694885
0.649999976158142
0.670000016689301
0.649999976158142
0.660000026226044
0.649999976158142
0.639999985694885
0.629999995231628
0.610000014305115
0.620000004768372
0.639999985694885
0.649999976158142
0.670000016689301
0.680000007152557
0.660000026226044
0.680000007152557
0.689999997615814
0.720000028610230
0.769999980926514
0.810000002384186
0.779999971389771
0.800000011920929
0.790000021457672
0.819999992847443
0.699999988079071
0.670000016689301
0.680000007152557
0.689999997615814
0.660000026226044
0.689999997615814
0.720000028610230
0.740000009536743
0.750000000000000
0.759999990463257
0.800000011920929
0.839999973773956
0.850000023841858
0.769999980926514
0.810000002384186
0.800000011920929
0.819999992847443
0.779999971389771
0.800000011920929
0.750000000000000
0.740000009536743
0.759999990463257
0.810000002384186
0.829999983310700
0.790000021457672
0.709999978542328
0.680000007152557
0.699999988079071
0.779999971389771
0.750000000000000
0.779999971389771
0.829999983310700
0.870000004768372
0.860000014305115
0.870000004768372
0.939999997615814
0.949999988079071
0.850000023841858
0.899999976158142
0.920000016689301
0.879999995231628
0.829999983310700
0.819999992847443
0.829999983310700
0.810000002384186
0.860000014305115
0.930000007152557
0.980000019073486
0.920000016689301
0.930000007152557
0.819999992847443
0.769999980926514
0.730000019073486
0.720000028610230
0.750000000000000
0.769999980926514
0.810000002384186
0.819999992847443
0.829999983310700
0.810000002384186
0.839999973773956
0.870000004768372
0.839999973773956
0.810000002384186
0.779999971389771
0.800000011920929
0.819999992847443
0.860000014305115
0.870000004768372
0.910000026226044
0.899999976158142
0.829999983310700
0.819999992847443
0.839999973773956
0.850000023841858
0.839999973773956
0.850000023841858
0.889999985694885
0.750000000000000
0.759999990463257
0.790000021457672
0.829999983310700
0.850000023841858
0.860000014305115
0.829999983310700
0.819999992847443
0.839999973773956
0.810000002384186
0.779999971389771
0.769999980926514
0.709999978542328
0.699999988079071
0.750000000000000
0.759999990463257
0.810000002384186
0.839999973773956
0.860000014305115
0.850000023841858
0.870000004768372
0.829999983310700
0.870000004768372
0.879999995231628
0.850000023841858
0.870000004768372
0.839999973773956
0.879999995231628
0.899999976158142
0.860000014305115
0.889999985694885
0.899999976158142
0.839999973773956
0.860000014305115
0.839999973773956
0.850000023841858
0.870000004768372
0.819999992847443
0.740000009536743
0.720000028610230
0.699999988079071
0.720000028610230
0.699999988079071
0.689999997615814
0.670000016689301
0.720000028610230
0.769999980926514
0.740000009536743
0.790000021457672
0.740000009536743
0.769999980926514
0.759999990463257
0.689999997615814
0.750000000000000
0.720000028610230
0.759999990463257
0.839999973773956
0.829999983310700
0.810000002384186
0.839999973773956
0.829999983310700
0.810000002384186
0.750000000000000
0.759999990463257
0.779999971389771
0.800000011920929
0.810000002384186
0.819999992847443
0.839999973773956
0.850000023841858
0.750000000000000
0.779999971389771
0.829999983310700
0.870000004768372
0.879999995231628
0.790000021457672
0.779999971389771
0.759999990463257
0.730000019073486
0.759999990463257
0.720000028610230
0.759999990463257
0.709999978542328
0.699999988079071
0.689999997615814
0.709999978542328
0.740000009536743
0.750000000000000
0.759999990463257
0.819999992847443
0.839999973773956
0.860000014305115
0.790000021457672
0.850000023841858
0.839999973773956
0.860000014305115
0.879999995231628
0.920000016689301
0.930000007152557
0.899999976158142
0.910000026226044
0.920000016689301
0.850000023841858
0.889999985694885
0.879999995231628
0.790000021457672
0.709999978542328
0.740000009536743
0.730000019073486
0.740000009536743
0.790000021457672
0.870000004768372
0.879999995231628
0.910000026226044
0.930000007152557
0.920000016689301
0.879999995231628
0.819999992847443
0.839999973773956
0.860000014305115
0.839999973773956
0.810000002384186
0.819999992847443
0.790000021457672
0.769999980926514
0.800000011920929
0.819999992847443
0.810000002384186
0.839999973773956
0.860000014305115
0.839999973773956
0.899999976158142
0.879999995231628
0.829999983310700
0.860000014305115
0.879999995231628
0.810000002384186
0.860000014305115
0.879999995231628
0.850000023841858
0.879999995231628
0.709999978542328
0.759999990463257
0.769999980926514
0.779999971389771
0.790000021457672
0.740000009536743
0.730000019073486
0.769999980926514
0.819999992847443
0.860000014305115
0.839999973773956
0.860000014305115
0.870000004768372
0.860000014305115
0.889999985694885
0.870000004768372
0.910000026226044
0.949999988079071
0.910000026226044
0.899999976158142
0.939999997615814
0.899999976158142
0.839999973773956
0.790000021457672
0.810000002384186
0.779999971389771
0.839999973773956
0.769999980926514
0.810000002384186
0.839999973773956
0.870000004768372
0.879999995231628
0.899999976158142
0.970000028610230
0.930000007152557
0.899999976158142
0.910000026226044
0.920000016689301
0.889999985694885
0.850000023841858
0.870000004768372
0.899999976158142
0.860000014305115
0.879999995231628
0.920000016689301
0.949999988079071
0.889999985694885
0.930000007152557
0.920000016689301
0.829999983310700
0.860000014305115
0.819999992847443
0.870000004768372
0.889999985694885
0.819999992847443
0.839999973773956
0.850000023841858
0.779999971389771
0.740000009536743
0.730000019073486
0.699999988079071
0.720000028610230
0.779999971389771
0.790000021457672
0.850000023841858
0.899999976158142
0.870000004768372
0.910000026226044
0.899999976158142
0.839999973773956
0.889999985694885
0.879999995231628
0.860000014305115
0.870000004768372
0.889999985694885
0.930000007152557
0.850000023841858
0.889999985694885
0.899999976158142
0.930000007152557
0.949999988079071
0.910000026226044
0.930000007152557
0.920000016689301
0.879999995231628
0.899999976158142
0.910000026226044
0.850000023841858
0.870000004768372
0.910000026226044
0.879999995231628
0.850000023841858
0.899999976158142
0.920000016689301
0.829999983310700
0.850000023841858
0.889999985694885
0.910000026226044
0.889999985694885
0.870000004768372
0.889999985694885
0.870000004768372
0.910000026226044
0.920000016689301
0.870000004768372
0.930000007152557
0.910000026226044
0.819999992847443
0.839999973773956
0.819999992847443
0.790000021457672
0.829999983310700
0.850000023841858
0.810000002384186
0.850000023841858
0.870000004768372
0.800000011920929
0.759999990463257
0.779999971389771
0.810000002384186
0.819999992847443
0.790000021457672
0.839999973773956
0.879999995231628
0.889999985694885
0.839999973773956
0.860000014305115
0.879999995231628
0.850000023841858
0.839999973773956
0.860000014305115
0.899999976158142
0.819999992847443
0.860000014305115
0.879999995231628
0.850000023841858
0.870000004768372
0.899999976158142
0.920000016689301
0.860000014305115
0.899999976158142
0.850000023841858
0.899999976158142
0.889999985694885
0.839999973773956
0.850000023841858
1.04999995231628
0.680000007152557
0.860000014305115
0.870000004768372
0.910000026226044
0.879999995231628
0.889999985694885
0.920000016689301
0.910000026226044
0.870000004768372
0.899999976158142
0.910000026226044
0.930000007152557
0.889999985694885
0.920000016689301
0.889999985694885
0.800000011920929
0.759999990463257
0.740000009536743
0.720000028610230
0.759999990463257
0.800000011920929
0.829999983310700
0.870000004768372
0.889999985694885
0.879999995231628
0.870000004768372
0.860000014305115
0.209999993443489
0.660000026226044
0.759999990463257
0.300000011920929
0.490000009536743
0.469999998807907
0.629999995231628
0.340000003576279
0.460000008344650
0.560000002384186
0.769999980926514
0.860000014305115
0.800000011920929
0.850000023841858
0.829999983310700
0.839999973773956
0.540000021457672
0.699999988079071
0.239999994635582
0.769999980926514
0.850000023841858
1.04999995231628
0.490000009536743
0.560000002384186
0.310000002384186
0.829999983310700
0.810000002384186
0.930000007152557
0.839999973773956
0.779999971389771
0.750000000000000
0.779999971389771
0.839999973773956
0.879999995231628
0.790000021457672
0.850000023841858
0.889999985694885
0.930000007152557
0.860000014305115
0.870000004768372
0.889999985694885
0.829999983310700
0.850000023841858
0.870000004768372
0.879999995231628
0.819999992847443
0.860000014305115
0.879999995231628
0.829999983310700
0.879999995231628
0.930000007152557
0.970000028610230
0.939999997615814
0.920000016689301
0.910000026226044
0.860000014305115
0.899999976158142
0.930000007152557
0.970000028610230
0.930000007152557
0.959999978542328
0.910000026226044
0.899999976158142
0.860000014305115
0.819999992847443
0.839999973773956
0.790000021457672
0.750000000000000
0.740000009536743
0.810000002384186
0.860000014305115
0.850000023841858
0.829999983310700
0.810000002384186
0.769999980926514
0.839999973773956
0.870000004768372
0.920000016689301
0.899999976158142
0.920000016689301
0.829999983310700
0.819999992847443
0.800000011920929
0.810000002384186
0.850000023841858
0.899999976158142
0.959999978542328
0.939999997615814
0.970000028610230
0.930000007152557
0.920000016689301
0.959999978542328
0.949999988079071
0.889999985694885
0.939999997615814
0.889999985694885
0.790000021457672
0.819999992847443
0.779999971389771
0.800000011920929
0.740000009536743
0.720000028610230
0.709999978542328
0.680000007152557
0.699999988079071
0.680000007152557
0.660000026226044
0.720000028610230
0.699999988079071
0.670000016689301
0.660000026226044
0.699999988079071
0.709999978542328
0.730000019073486
0.769999980926514
0.779999971389771
0.810000002384186
0.829999983310700
0.810000002384186
0.850000023841858
0.899999976158142
0.889999985694885
0.879999995231628
0.800000011920929
0.759999990463257
0.750000000000000
0.720000028610230
0.769999980926514
0.759999990463257
0.779999971389771
0.819999992847443
0.850000023841858
0.879999995231628
0.829999983310700
0.870000004768372
0.850000023841858
0.829999983310700
0.790000021457672
0.810000002384186
0.850000023841858
0.779999971389771
0.810000002384186
0.889999985694885
1
0.970000028610230
0.910000026226044
0.850000023841858
0.800000011920929
0.810000002384186
0.800000011920929
0.750000000000000
0.769999980926514
0.790000021457672
0.740000009536743
0.750000000000000
0.740000009536743
0.730000019073486
0.750000000000000
0.810000002384186
0.829999983310700
0.790000021457672
0.800000011920929
0.819999992847443
0.790000021457672
0.709999978542328
0.680000007152557
0.709999978542328
0.670000016689301
0.689999997615814
0.629999995231628
0.639999985694885
0.670000016689301
0.680000007152557
0.759999990463257
0.829999983310700
0.920000016689301
0.910000026226044
0.879999995231628
0.790000021457672
0.839999973773956
0.860000014305115
0.899999976158142
0.839999973773956
0.879999995231628
0.850000023841858
0.779999971389771
0.769999980926514
0.750000000000000
0.759999990463257
0.800000011920929
0.819999992847443
0.800000011920929
0.839999973773956
0.860000014305115
0.839999973773956
0.870000004768372
0.850000023841858
0.810000002384186
0.839999973773956
0.769999980926514
0.819999992847443
0.860000014305115
0.870000004768372
0.850000023841858
0.860000014305115
0.850000023841858
0.819999992847443
0.850000023841858
0.860000014305115
0.829999983310700
0.860000014305115
0.879999995231628
0.889999985694885
0.860000014305115
0.790000021457672
0.759999990463257
0.790000021457672
0.750000000000000
0.720000028610230
0.750000000000000
0.759999990463257
0.819999992847443
0.860000014305115
0.839999973773956
0.870000004768372
0.879999995231628
0.839999973773956
0.870000004768372
0.850000023841858
0.810000002384186
0.860000014305115
0.889999985694885
0.910000026226044
0.879999995231628
0.870000004768372
0.889999985694885
0.930000007152557
0.899999976158142
0.930000007152557
0.949999988079071
0.930000007152557
0.899999976158142
0.920000016689301
0.959999978542328
0.930000007152557
0.939999997615814
0.910000026226044
0.920000016689301
0.930000007152557
0.920000016689301
0.949999988079071
0.889999985694885
0.939999997615814
0.899999976158142
0.889999985694885
0.910000026226044
0.939999997615814
0.879999995231628
0.899999976158142
0.910000026226044
0.870000004768372
0.899999976158142
0.860000014305115
0.810000002384186
0.889999985694885
0.910000026226044
0.839999973773956
0.759999990463257
0.720000028610230
0.709999978542328
0.670000016689301
0.680000007152557
0.720000028610230
0.730000019073486
0.750000000000000
0.740000009536743
0.680000007152557
0.660000026226044
0.629999995231628
0.639999985694885
0.620000004768372
0.600000023841858
0.620000004768372
0.629999995231628
0.649999976158142
0.680000007152557
0.740000009536743
0.699999988079071
0.709999978542328
0.730000019073486
0.759999990463257
0.730000019073486
0.750000000000000
0.769999980926514
0.750000000000000
0.790000021457672
0.740000009536743
0.709999978542328
0.720000028610230
0.709999978542328
0.750000000000000
0.790000021457672
0.759999990463257
0.790000021457672
0.810000002384186
0.829999983310700
0.810000002384186
0.829999983310700
0.850000023841858
0.810000002384186
0.779999971389771
0.800000011920929
0.819999992847443
0.850000023841858
0.870000004768372
0.889999985694885
0.850000023841858
0.839999973773956
0.829999983310700
0.779999971389771
0.800000011920929
0.810000002384186
0.790000021457672
0.829999983310700
0.850000023841858
0.819999992847443
0.759999990463257
0.779999971389771
0.790000021457672
0.819999992847443
0.800000011920929
0.819999992847443
0.800000011920929
0.829999983310700
0.779999971389771
0.800000011920929
0.810000002384186
0.839999973773956
0.860000014305115
0.879999995231628
0.930000007152557
0.910000026226044
0.889999985694885
0.899999976158142
0.870000004768372
0.850000023841858
0.870000004768372
0.829999983310700
0.810000002384186
0.759999990463257
0.720000028610230
0.709999978542328
0.750000000000000
0.759999990463257
0.779999971389771
0.730000019073486
0.750000000000000
0.740000009536743
0.769999980926514
0.779999971389771
0.800000011920929
0.829999983310700
0.850000023841858
0.839999973773956
0.800000011920929
0.829999983310700
0.819999992847443
0.839999973773956
0.850000023841858
0.819999992847443
0.850000023841858
0.839999973773956
0.800000011920929
0.790000021457672
0.769999980926514
0.750000000000000
0.720000028610230
0.740000009536743
0.779999971389771
0.850000023841858
0.870000004768372
0.860000014305115
0.810000002384186
0.750000000000000
0.720000028610230
0.709999978542328
0.699999988079071
0.680000007152557
0.699999988079071
0.720000028610230
0.750000000000000
0.720000028610230
0.769999980926514
0.779999971389771
0.800000011920929
0.779999971389771
0.800000011920929
0.829999983310700
0.819999992847443
0.829999983310700
0.769999980926514
0.740000009536743
0.730000019073486
0.769999980926514
0.819999992847443
0.860000014305115
0.839999973773956
0.889999985694885
0.839999973773956
0.870000004768372
0.879999995231628
0.819999992847443
0.860000014305115
0.819999992847443
0.829999983310700
0.810000002384186
0.779999971389771
0.790000021457672
0.800000011920929
0.850000023841858
0.769999980926514
0.810000002384186
0.829999983310700
0.839999973773956
0.829999983310700
0.860000014305115
0.819999992847443
0.829999983310700
0.860000014305115
0.850000023841858
0.779999971389771
0.800000011920929
0.819999992847443
0.810000002384186
0.870000004768372
0.850000023841858
0.899999976158142
0.759999990463257
0.769999980926514
0.740000009536743
0.790000021457672
0.800000011920929
0.810000002384186
0.829999983310700
0.769999980926514
0.790000021457672
0.800000011920929
0.819999992847443
0.879999995231628
0.899999976158142
0.850000023841858
0.889999985694885
0.899999976158142
0.889999985694885
0.819999992847443
0.790000021457672
0.800000011920929
0.819999992847443
0.839999973773956
0.800000011920929
0.839999973773956
0.870000004768372
0.829999983310700
0.899999976158142
0.870000004768372
0.889999985694885
0.899999976158142
0.860000014305115
0.899999976158142
0.889999985694885
0.879999995231628
0.920000016689301
0.899999976158142
0.889999985694885
0.910000026226044
0.879999995231628
0.790000021457672
0.829999983310700
0.800000011920929
0.790000021457672
0.810000002384186
0.819999992847443
0.779999971389771
0.810000002384186
0.819999992847443
0.800000011920929
0.790000021457672
0.819999992847443
0.759999990463257
0.800000011920929
0.779999971389771
0.769999980926514
0.750000000000000
0.769999980926514
0.750000000000000
0.720000028610230
0.759999990463257
0.800000011920929
0.790000021457672
0.850000023841858
0.899999976158142
0.920000016689301
0.879999995231628
0.910000026226044
0.920000016689301
0.899999976158142
0.910000026226044
0.930000007152557
0.860000014305115
0.870000004768372
0.889999985694885
0.870000004768372
0.860000014305115
0.790000021457672
0.709999978542328
0.720000028610230
0.740000009536743
0.769999980926514
0.819999992847443
0.779999971389771
0.769999980926514
0.790000021457672
0.810000002384186
0.800000011920929
0.850000023841858
0.860000014305115
0.829999983310700
0.889999985694885
0.949999988079071
0.990000009536743
0.910000026226044
0.889999985694885
0.920000016689301
0.850000023841858
0.899999976158142
0.910000026226044
0.860000014305115
0.829999983310700
0.860000014305115
0.819999992847443
0.860000014305115
0.819999992847443
0.879999995231628
0.899999976158142
0.829999983310700
0.860000014305115
0.850000023841858
0.829999983310700
0.790000021457672
0.839999973773956
0.860000014305115
0.810000002384186
0.839999973773956
0.759999990463257
0.730000019073486
0.660000026226044
0.649999976158142
0.639999985694885
0.620000004768372
0.629999995231628
0.680000007152557
0.750000000000000
0.740000009536743
0.699999988079071
0.689999997615814
0.670000016689301
0.680000007152557
0.689999997615814
0.720000028610230
0.730000019073486
0.759999990463257
0.680000007152557
0.709999978542328
0.759999990463257
0.829999983310700
0.850000023841858
0.860000014305115
0.889999985694885
0.930000007152557
0.949999988079071
0.910000026226044
0.939999997615814
0.959999978542328
0.980000019073486
0.949999988079071
0.970000028610230
0.740000009536743
0.750000000000000
0.779999971389771
0.740000009536743
0.720000028610230
0.709999978542328
0.689999997615814
0.680000007152557
0.689999997615814
0.709999978542328
0.769999980926514
0.829999983310700
0.889999985694885
0.829999983310700
0.850000023841858
0.879999995231628
0.889999985694885
0.860000014305115
0.850000023841858
0.860000014305115
0.850000023841858
0.819999992847443
0.870000004768372
0.879999995231628
0.819999992847443
0.850000023841858
0.860000014305115
0.810000002384186
0.740000009536743
0.750000000000000
0.730000019073486
0.750000000000000
0.779999971389771
0.829999983310700
0.860000014305115
0.819999992847443
0.860000014305115
0.850000023841858
0.839999973773956
0.800000011920929
0.839999973773956
0.860000014305115
0.819999992847443
0.810000002384186
0.829999983310700
0.839999973773956
0.790000021457672
0.800000011920929
0.839999973773956
0.879999995231628
0.920000016689301
0.870000004768372
0.920000016689301
0.889999985694885
0.759999990463257
0.750000000000000
0.769999980926514
0.740000009536743
0.769999980926514
0.779999971389771
0.790000021457672
0.759999990463257
0.709999978542328
0.730000019073486
0.810000002384186
0.769999980926514
0.819999992847443
0.850000023841858
0.839999973773956
0.870000004768372
0.839999973773956
0.790000021457672
0.800000011920929
0.790000021457672
0.850000023841858
0.829999983310700